0 2 
4 6 
8 10 
12 14 
16 18 
20 22 
24 26 
28 30 
2 0 
6 4 
10 8 
14 12 
18 16 
22 20 
26 24 
30 28 
0 2 
4 6 
8 10 
12 14 
16 18 
20 22 
24 26 
28 30 
2 0 
6 4 
10 8 
14 12 
18 16 
22 20 
26 24 
30 28 
2 -2 
10 -2 
18 -2 
26 -2 
34 -2 
42 -2 
50 -2 
58 -2 
2 2 
10 2 
18 2 
26 2 
34 2 
42 2 
50 2 
58 2 
2 -2 
10 -2 
18 -2 
26 -2 
34 -2 
42 -2 
50 -2 
58 -2 
2 2 
10 2 
18 2 
26 2 
34 2 
42 2 
50 2 
58 2 
2 -2 
10 -2 
18 -2 
26 -2 
34 -2 
42 -2 
50 -2 
58 -2 
2 2 
10 2 
18 2 
26 2 
34 2 
42 2 
50 2 
58 2 
2 -2 
10 -2 
18 -2 
26 -2 
34 -2 
42 -2 
50 -2 
58 -2 
2 2 
10 2 
18 2 
26 2 
34 2 
42 2 
50 2 
58 2 
0 2 
4 6 
8 10 
12 14 
16 18 
20 22 
24 26 
28 30 
2 0 
6 4 
10 8 
14 12 
18 16 
22 20 
26 24 
30 28 
0 2 
4 6 
8 10 
12 14 
16 18 
20 22 
24 26 
28 30 
2 0 
6 4 
10 8 
14 12 
18 16 
22 20 
26 24 
30 28 
