-79020 
43189 
81013 
48570 
162298 
33271 
-29757 
-154191 
-463654 
-630612 
-879019 
-1052595 
1547279 
-1921134 
-2354355 
1114560 
-1139964 
2208560 
2044167 
1107353 
5311387 
4316728 
4824334 
3615997 
6005620 
4286292 
3022014 
2132970 
1893844 
970135 
995476 
3389840 
3561820 
-300547 
-3940299 
-3249397 
-2988056 
163484 
1073238 
645643 
2287311 
2860878 
5333285 
2973478 
2603297 
-464091 
-1722259 
-1940174 
-532617 
228251 
-1104081 
-116568 
-2140233 
-3439718 
-2118187 
-1720775 
1402685 
516437 
-2927706 
-1601520 
1282934 
5755357 
4715936 
5081919 
2178082 
2705446 
-1558264 
-4110877 
-4494837 
-783055 
2054213 
2381988 
389488 
-3183913 
-4813730 
-3468597 
-1215338 
-580811 
403231 
1662365 
1807089 
88478 
3383509 
3579365 
2571471 
270140 
-4555019 
-4236073 
-5273196 
-4743707 
-4902961 
-5364061 
-4231232 
-2679191 
-1410195 
-573699 
-4820732 
-3810838 
-4132647 
-5500422 
-3186303 
-2114174 
-2432283 
-2396507 
-2395446 
-3485089 
-6820054 
-4976261 
-1772246 
3455031 
6464089 
6646927 
4555529 
2549131 
-572829 
-2152949 
-2335794 
-906263 
-927325 
2717421 
4877287 
3605831 
2052864 
-480132 
-2332953 
-1443237 
-91804 
3317878 
2315217 
1971740 
5156334 
4303230 
1437105 
-1156557 
-5191347 
-2904250 
-569655 
-3404596 
-2043217 
-3479173 
-563184 
-1845995 
-739756 
466056 
-1502586 
-1026836 
-3767143 
-6483863 
-5073326 
-2855704 
507244 
2151339 
2748446 
5800902 
3476149 
1137512 
-1563354 
-2376912 
-1071661 
658058 
5566938 
6850434 
5826016 
3486450 
1740169 
502451 
1393269 
-1891742 
-1595686 
1169348 
512507 
-854683 
2810124 
1884276 
491916 
1844678 
-2669838 
-4961168 
-3337356 
-3376533 
-4429248 
-3515807 
-5486793 
-4020807 
-2987861 
-4233675 
-3503850 
-1058487 
98458 
1077295 
2231367 
-18690 
354541 
-351133 
1698520 
2508366 
1097953 
862448 
884033 
-3311151 
-3964657 
-4348765 
-1958951 
1417552 
2429747 
656062 
4039870 
5500426 
3465804 
461721 
-1440976 
1462431 
3300084 
1868549 
494366 
4952407 
3549785 
1412090 
802292 
310982 
2778418 
243252 
-1400378 
-212353 
-90666 
-2532423 
-2647833 
-2187079 
-4605994 
-3502393 
-2727153 
-2612019 
-1694191 
-1614741 
-101909 
1555245 
2883211 
1695489 
1174757 
-242994 
-2039798 
644783 
-1053612 
2984319 
2388075 
5385924 
4054859 
2927025 
613770 
1680421 
1479621 
985101 
391107 
1721921 
-967312 
-1144288 
