9219 
99714 
-254443 
183199 
312873 
-913347 
953572 
168794 
-2208349 
3415736 
-1256937 
-9973738 
11467360 
-1788950 
-8019969 
8182673 
-9009780 
4471702 
6001207 
-6484332 
6132177 
4486537 
8035794 
-2413043 
7141291 
5770880 
4623815 
1575880 
4590278 
3830992 
-5044489 
-2463011 
8900681 
6166365 
-3172680 
-1128914 
-8461779 
-876432 
2661004 
584597 
1549052 
-3200874 
7706242 
845882 
6418196 
2906097 
832692 
-5693418 
-1562341 
2079112 
-5659265 
4347394 
255456 
-3585936 
-372788 
-10321190 
513090 
8690997 
-441070 
-4228891 
-6188972 
5805317 
2855187 
8398965 
-3222891 
7581318 
4720854 
1304613 
-8680060 
-6664320 
-1709554 
2188796 
5773424 
2391310 
-4983046 
-7513973 
-955008 
-646249 
-3898997 
2813866 
7354243 
-6125821 
2048438 
652776 
3827568 
8380929 
-5308996 
-2153223 
-7344789 
-3412998 
-2963114 
-6254086 
-3735625 
-7718246 
-5640690 
8497252 
-8504598 
-3308313 
918764 
-8525102 
-5670916 
-1420199 
-2421475 
-6076820 
-2212122 
5150971 
-5480137 
-5126728 
-8323197 
-3031206 
3900671 
7888260 
4632772 
6251135 
3488539 
-1531698 
-3011164 
3403727 
-6616655 
-2465628 
4373308 
3830798 
5914195 
2516370 
-43864 
-1638721 
-8454232 
7789557 
5067369 
-6478157 
4805602 
4314276 
4080362 
9989602 
-9474074 
-8026112 
3391477 
-4188795 
1308124 
-9305186 
4290563 
-4772440 
-3418460 
3220020 
-6447043 
2786281 
2281198 
-5611644 
-5443456 
-8208797 
501338 
2275152 
-5243894 
6123912 
5190835 
6377177 
415573 
-308334 
656334 
-8486587 
2147939 
6536991 
6480074 
7968300 
3319064 
-5454219 
10012092 
293671 
-10200031 
4814235 
5950527 
-10661650 
5884941 
3478580 
-7873225 
10100582 
2855891 
-9491504 
-2208708 
-2439549 
-7277650 
2314482 
-8424077 
-7114468 
1491037 
-3525746 
-6503462 
-1342335 
-2729106 
-1715058 
5305738 
-482454 
5016954 
-4779075 
-1279920 
6297414 
-1467308 
-2396480 
7906254 
-2433982 
312222 
-4556306 
-9688754 
458297 
9325305 
-5606076 
-943843 
5328531 
8071928 
8125212 
-5645723 
-5397215 
8620131 
6580948 
-9775934 
6499754 
5304037 
4197326 
3027082 
-7753381 
6569292 
5538393 
-5391738 
-2752246 
5645680 
-4062379 
-4587222 
3671655 
-6587163 
-4182389 
-2421313 
-3775480 
-27732 
-1684747 
-3373120 
-1153081 
3760959 
-171585 
4710454 
2760991 
-5303745 
5985826 
-6867624 
5236881 
-3903162 
5379715 
4679153 
8496051 
-1519426 
133108 
3856142 
1645846 
-5140803 
8799223 
1755389 
-7206994 
