-439
457
29
-495
396
-374
188
344
-358
442
221
460
-92
441
326
249
147
267
122
-246
-35
457
369
-235
-101
-448
-49
194
-38
145
-173
461
56
402
127
-18
-237
-164
128
-262
176
66
-257
-95
-496
65
474
-112
-200
-357
429
122
481
-145
473
223
0
-498
-372
-65
163
328
66
-321
-371
-88
-92
-92
98
405
-324
74
150
179
461
-340
-167
-387
-259
-171
-345
-361
-312
-319
376
-427
-212
-14
-497
-291
-102
-210
-265
-139
260
-351
-335
-469
-101
252
458
303
372
111
-28
-179
122
-335
-126
293
245
301
206
-115
-111
-324
343
279
-286
204
376
223
424
-483
-492
262
-353
104
-494
141
-186
-240
157
-294
115
127
-390
-346
-377
-33
147
-266
402
311
312
86
-85
-6
-406
140
392
476
336
198
-166
441
-60
-388
158
278
-442
207
195
-304
475
103
-477
-226
-103
-394
20
-461
-362
11
-204
-357
-130
-83
-134
348
-17
192
-204
-24
253
4
-126
411
-101
-51
-346
-413
19
465
-279
-34
381
489
337
-324
-129
367
367
-485
351
393
153
132
-328
371
202
-236
-122
212
-168
-269
151
-365
-260
-151
-192
-20
-143
-128
-84
221
71
167
240
-369
377
-406
310
-217
375
290
431
-84
98
120
117
-191
424
72
-382
52
236
268
46
-190
226
395
255
-253
431
-111