   0  -44    0    0  119    0    8   81   87   91   52    0    0    0    0 -110 
   0    0    0   20   76    8 -119    0  -46   30    1  -12    0    0    0    0 
 122    0 -119   51    0  -16  -52  115  105    0   19    0   -1    0    5    0 
 113   19  -49  -96    0    0 -124  -83    0    0  -72  -85   61  121   19  -21 
  40   86   37 -112   68   36    0    0    6   44    0  -16    0  -44  124    0 
  99   91  -78  -20   38    0  -63    0   54  -68  -56    0    0   84   11    0 
   0    0   31 -114    0  -40   99    0    0  -20   82   34  -49   57  -74    0 
  86  -93  106   -9  -50    0  -89   96   90  -63   88    0    9   23  117  -98 
 -51    0  -29  -17   69 -100    0  -90 -125   59  -48    0    0   66  -56  -27 
   0    0  -28 -122  -19  122    0   95    0   84    0    0   33   67  101    0 
  91   15    0    0  -34  -74  -83   -1    0    0    0    0   57   89  -77    0 
 -59  125    0    0    0    0   67    0    0    0 -115  -54    0  125    0    0 
  77   89  -38  -54    0    0    0    0   52   -8   94    1    0   25    0   97 
  94    0   52  112   -9    0    0   30   87   56  -99  -65    0  105    0   58 
 -13    0   92  -33    0   70   64   -1    0   91    0  126    0  -21 -122    0 
  74   98  -38    0  -49  -83 -110    0    0   -6  124    0    7 -112  102    0 
  73  -27    0   67  106  108    0  -13   74   68  127  -92 -122 -110    0   38 
 100  126 -127   47 -112    0 -112   -8  -64    0   82 -124   11    0    0    0 
   0    0   57   61   29 -128  121  123    0   -6  -66  127    0 -105 -103   36 
   0    0    0  122    0    0    0   94    0  -15    0 -117  -37   67  -62  -47 
  45    6    0 -123  -52   84    0  -76    0  -25    0    0    0  -85   14   -1 
   0  -71   52   85  103    0   68    0  -15  -34    0    0  -86  -21  101    0 
-116  -25    0  -64    0   89  -98    0    0  114   35    0  -80    0 -107    0 
  64    0  -85   61    0   66   25   -3  -84   34 -108  105  113    0  -94 -126 
 123  -25    0    0 -126   44    0 -122    6    0  127    0    0  -91    0 -113 
  33 -122  117   42    0  -71   99   20  -47   19  -16    0 -104    0    0  118 
 -29   25    0    0    0   16   32    0   64  -63    0 -119  -32   98    0   48 
   0  -83    0  101    0    0   34    0   87    0    0    0  -60    0    0   42 
-117  -87  -65    0    0    0    0  -13    0  -33 -103    0  -19    0    5  123 
   0    0  -48    1  102   28    0    0    0    0 -112    0    0  -43  -95   18 
  87  110  -85   45    0    0    0   87  -34   64   30   24  -11 -119  -53    0 
 -75   51    0   39  -45    0   -4  116  -68   -1    0    9  106   72    0  -31 
-123  -27    0   70  106   25    0  -46   53    0   77 -101  -57    0    0    0 
   0   26    0   15   98  -66  -98   33   79    0    0  -48    0 -113  -26  -39 
 -14    0  114    0   61    7    0    0   -9    0   63   91  -80   69   92    0 
  -5   84    0    0  -29   29  120  -97    0    0    0   95    0    0  -66    0 
 -13    0   17  -11   75   65  114   50  -63   78   27  -47   67    0 -110    0 
   0  -93    0  -62    0    0    0    0    0    0   66    0 -120    0    0    0 
   0  118    0    0    0 -112    0   23  -69  122  -33 -127  -94 -123   77  -92 
   8  -94  -22  -23  -64    0    0  -87  -49    0  -54   42  104 -100 -109   27 
   0    1  -83    0   49  124 -111   22  -92   12    0    0   -6    0    0    0 
 -21    0  -62   43   27    0    0  -26  -50    0 -106   72   19    4    0  -51 
   0    0   37  122  -65   64  -43   -2  117    0  -10    0 -127   66    0    0 
 101    0   48  -38   41    0  124    0   63   57    0    0  -51   23  -76   75 
-112    0    0   76  -58  -64   39   93    0   54 -102  -78  -36    0    0   -9 
   0    0  -31    4    0 -127   15   96    0  115  -49   13 -104   36 -104    0 
   0   45    0    0 -107  -16    0   83   87    0  -14    0  103   42   40   53 
 116 -118   40   38    0    0   27    0    0    0    0  -87    0  -45  -72   78 
  94   52  113    0    0    0    0  -32   31    0    0   60    0   19    0    0 
   0   34  -82 -124    5  -51  120  -69  108    0    0  -34    0    0  -81    0 
  38  -64    0   54    0   98   41   16   69   93 -128  -90    0   24  -40  -76 
 -51   42 -102    0    0   52    0    0  -48    0   43   78  117  -61    0 -114 
 -26  -88    0    0  100  -60   15    0   98  100    0   99  -51    0  -42  103 
 -57    0   87    0    0 -107    1  -41    0    0  110   70    8  -38    0 -121 
   0  -42   27  -91    0  103    0  107   13   80   61    0  -54  -21  -35    0 
  50   30  114  -95    0    0 -105    0   33   97    0    0   91    0    0    0 
   0  -92    0    0    0    0 -126    0  -96  111    0  -34  -14   60    0    0 
 110 -101    0  -87   43 -106   32  -77   -2    0 -109  -65    0    0   74  -57 
   0   91    0    0  -31    0    0  -57   -7   68  -16  -50   43   80   11    0 
   0    0  -24    0   28   18   77  -81  -42  -27    0  -54   71    0   26    0 
 125   -3   -4    0  -87    0  -96  -91   94  -31  -15    0 -116    0    0  101 
  72   16  -25    0   58   85    0   30  -34    0    0    0    0   93  -80  -69 
 -76    0    0  -63    0    0    0    0  -45    0   56  116 -106   83    0    0 
   7   28   31    0   36   89    0 -118    0 -101   51    0    0   94    0    0 
   9    0 -125   45  -79   28    0    0   17  -80    0    0    0    2  -28    0 
-102 -122  -33  -51    0    0   12  -89  -78   72   66  105  -31    0  -74  -79 
  54   38   55    0 -128  -26  -29  -89  111 -125 -123    0    0    0   51  125 
   0    0    0  125   33    0  108  -44   84   -7    0  100  -10   64    0    0 
   0    0    0 -113    0    0 -125    0   70   24    0    0    0   23  -95  109 
   0    0 -105   83   63    0    0  -59  -22    0  -17   39  127    0 -105   73 
 -67 -105  -10  105  120    0    6   52    0   23    0    0    0    0  126    1 
 118    0  -55    0   90  -65    0  -15  107  -57 -107    5   28    0    0  126 
 115    3 -100  -25  -56  -91  -18   78 -118   15   47 -127    0    0    0    0 
  52    0    0    0    0  -68   -8    0  -16   51   41  -43  -19    0    0    0 
  34    0   88  -45    0    0  -94  -79    0    0  117   44    0    0    0 -116 
   0  -89  125  -35    0    0   59  -13    0    0    0    8   68   98  -36    0 
   0    0 -111  -29    0  -15 -101   48    0    0  -29   39  -68   33  -92    0 
   5  -93  101  -41    0    0 -101  -39 -114 -127 -119   19  -98    0  -90   23 
  21   71    0    0    0   93  -48    0  -32  -31    0 -103   40  -14    0   57 
   0    0    0    0    0    0    0  -43    0   24 -114  -74   80   77 -123   36 
   0  -47    0  -40   -7   32   41  -98   57  -56   97  -26    0 -127   -1  -44 
  58   93 -123  -93   50    0    0    0   26 -110  -28    6    0   97  -13  -96 
  19    0  -12    0  118    0    0    0    0 -112   66   56    0   83  -55  124 
 -61    0   37 -128   94  -48  -32   -2   89  -36    0   43    5   14    0   79 
 -65    0  -40    1    0    5    0    0 -120 -123 -120  -73   34   47   63    0 
 -62 -116  -40   41    0    0   65   41    0   24    7   47    0    0  -62   69 
  24   54   30  109   28   61 -112    0   49   78  -26    0    0  114   71    0 
   0  -94  -88    0   12    0  -80  -65  -34   97   -8    0  116    0  -48   85 
 127    0    0    0  -30    0    4    0    0   39   57    0    0   36    0  -25 
   0  -35  -28 -114    0  -52    0    0  -96   39  -62    0   56  -25    0    1 
   0  -78  -56    0    0  -41    0    0  -78    0   92    0  -16    0 -112    0 
   0   -6    0  -69  -66    0  -96    0   42   28    0   61   15    1    0  -81 
  -9   33  -73   97   50  -63    0   70 -124 -122    0  -64    0    0  -35  -51 
   0   52   63   10    0    0    0   74 -109    0    0 -112  -38 -109    0  -44 
   0  -44   45  -73  -58   20    0    0    0  -38 -121  -36    0   59   20    0 
   0  -31    0   54    0   68  -37    0    0   20  -43    0    0   43    0   47 
-120   13 -126 -104    0  -62    0   21  -43  111   81 -116    0  -97    0   91 
 -58    0    0 -101   17    0   62    0    0  -96  -20    0 -101    0    0    0 
  81    0    0   -7  -38    0    0  100 -116    0    0    0  -66 -114    0   86 
-116    0   87 -125  123  124   41   99  100    0    0    0    0 -113 -104    0 
   0  113  -51  -31  -45  -41    0  112    0   -2   40  -47    0  -16  -59  -19 
   0    0  -99   -5  -50   18   81    0  -33 -123 -121    0 -122    0  -54  -83 
   0  -48    0    0   13    0    0  -44   97   31   16   43  -79   98 -126 -126 
  73    0   64  121  -37    0  -45    0  122   26    0    0 -125   44    0   16 
 102    0  -72    0  -90   66  -95  -58   -5    0   27   29    0   10   -3  -30 
 119  -97    0    0   -6    0  -56   54  -21    0  -95   75  -78  -18    0    0 
-103    0   40  -96  100    0    0 -113 -107   42  -61   92   95    0   29  -18 
 -32  -72    0  -80    0    0  -35  -76  -22  -11  -58  -83    0    0    0  -89 
 103   96   53    0    0    0    0    0 -101    0   52  -52    0    0    0    0 
  90   28  -51    0    0 -119    8    0    3    0   12  116   -1  -45    0   65 
   8  111   12    0    0  -86  -18  -40    5    0  116  -69  127  -60  -65   92 
  29  -52  -95    0  105    0  -66    0    0    0    0   60  -66 -101  -12    0 
   0    0    0   45   85    2 -111    0    0   42    0   66   23  102    0    0 
  24    0    0  -85  -93  -44  -46  -51   97  124   27  -10    0    0  -46  101 
   0  -45    0   -1    0    0  -92  -85 -114  -69   35    0    0   74    0 -125 
 107    0    0 -116  -89    0    0   85    0  -61 -128    0    0  116  -84    0 
  87    6 -128    0    0  -39 -117 -127  -15   -8 -108   -6   52   77 -111   63 
  40   55   93   52   45    0  -57 -112    0    0    0   50    0    4   46   72 
  68  -73    0    0    0  -94  -69 -103   63   34   10    0    0   80  -59    0 
 -54   60   14    0  -85  -77  111    0   65   24  -48  -70  -62    0  -19   92 
   0   93    0 -115    0   29  -45    8    0    0   71    0    0    0  126    0 
   0    0 -100  -75    0    0  -58    0    1    0 -104   83  -88 -124   20    0 
   0    0   14  -38   25   40   -2    0  -44  116  124   20    0   54    0    0 
 -97  101    0    0  -53   29    0  111  -92  -22    0    0   50  -69    0  -80 
   0  -74  -44  118  -24 -108    0    0  -68  -21  123  -59   62  -10  -34   -3 
  33    0  117  -74  -31    0   99  -94   40  -60    0  -90    0   70    0 -119 
 -42  -24   87   10    0 -103    0    0  -91   22   77    0 -120   95    0  -36 
   0   55  -12 -127    0    0    0    0   95    0    0  -49    0    0   43    0 
   0  -21   25 -122    0    0  -81  -72  123  -39    0    0  -39    0  -36 -119 
 -67    0    0 -126   96    0  -94 -123    0    0    0  -16    0 -116  124  -16 
-123    0    0    0    0    0    0  -17    0  -98   21    0  116  -49    0  -41 
 -80  -70   56   78    4 -105  -92    0   48   37    0 -109    0    0 -115    0 
 110   24  114 -128   33    0    0    0    0    0 -122    0  -86 -118   19    0 
 -38 -119    0    0 -127    0   62    0  -17  -98    0  100    0    0  118    0 
  71    0    0  -21    0  -70   97    0  -35    0  126    0    0    0    0   55 
   0    0 -102  -48   99    0   18  -81  -60 -114 -124   43  -98    0    0   20 
   0 -111    0  -47    0   76    0    0    0   74    0   55  -59    0  100 -123 
   7    0  -38    0   96    5  -65   60    0  118    0    0  -41   37  -20 -109 
  35   35    0  123   39  126   51 -127    0  -24 -109    0    0   62    0  -45 
-103    9  -52   66   21    0    0    0   38 -110    0   70   28  -32   67    0 
  77    0 -119    0   77    0  127    3   67  -55  -96   -2  -32  -20    0  -13 
 -72   75    0   28   94    0  -11 -118  -26    0    0  -16   60  -83  -46   39 
   0   33  -56   75    0    0   96   16   53 -125    0  -89  -38  -77    0  -20 
   0   -8   -6    0    0  -12    0    0   24   23  -84   99    0   95   61   35 
   0  127   34  -12    0    0  107   99    0    0    0    0    0    0    0  -97 
   0  -37    0 -107 -106    0  109    0    0  -98  -10   24 -105  -56  -59 -114 
  26   59 -128    1    0  122   16 -106   92  109  119    0   16 -100   11    0 
 106   73  -65    0   33    0   48    0  102    8  -56    0  -88  -23    0 -103 
  63 -127 -120   23    0   42    6    0   43  -20    0  -87    0    0    0  -88 
 -64    0 -125   44    0  127   28  -48   36    0  -25    0  -56   13   86    0 
   0    0  -63    0  -70   10  -54   27    0  -51   37  -35 -127    0    0  107 
   0    0    0  -17   51  -34   29 -115  -65  -45  -95    0    0   23    0    0 
-103  -66  125    0   70 -128    0  -83  105  -64   69    0  -41  116   78    0 
   0 -101    8  125   54    0  -89  -92    0   67    0    0   19    8 -116    8 
 -54    0 -118  110  -35   -1  -47   17   -9    0  -24   52   42  -78    0   61 
 -81   41  -96 -106   17  -63   17   -1 -101   44    0   76   45    0   48   43 
  49   37   -3   33   62   -8    8   42    0 -116  -49   12  -20  -97   83    0 
   0    0   13  -95    0  -36  -98  -17   58    0   79    0  114   13  -52  -71 
  18    0  119    4    0    0   60  -77    0    0  -61    0    0    0   24    0 
   0 -105   21 -100    0    0 -122   23  127    0    0    0    0    0    9  -30 
 -66    0  125    0   88   -9   61  -46   -6 -120   88   21   46  -10    0    0 
  24  -26  -85 -110   -1  -66 -115   63    0  -32 -104   63  127   33  -70    0 
   0  -48 -123   70 -103    0  -13  -66    0    0    1   83   48    0   62   14 
 111  -67  114    0    7 -116    0    0   39   73    0    5    0   -1  101    0 
-112    0  -47    0    0   95 -100 -121  -83 -119  124    0    0   25    0 -126 
   0    0   43    0    0   93    0    0   54   21    0   18   -1   34    0    0 
 104   28    0  -65    0   30    0  118  -29   19    0    0 -122  -13 -108    0 
  29   63    0    0    0   30    0   92    3    0  -40    0    0   12    0  -23 
 101   48   79  -22 -106   29 -123    0    0   16  -54   21    0   44   65    0 
 -12    0    0   55    5    0    0    3  -35   20  -21    0  -99    0    0   74 
   0  111 -127   -9  -85   16    0  -16  105  -19    0  -18  -87    0    0 -100 
 -66   25    0   17   12  113   51    0    0  -75 -120    0 -111    0   75    0 
   0   84    0   61    0    0  -71  -64    0    0 -105  -87   50  107  124  -85 
   0    0   86 -119   60    0   40  -55   74    0  102   -2  -86  -21    0    0 
   0 -120    7    0    0  -34  122   65  122   55    0    0   84    0   72  111 
-126    0    0  -23    0   33  -90   24  -90    0    0    0    0   93  113    0 
 -76    0    0  -45   10   72   38    0    0    0    0   15    0   17    0  -77 
   0    0   13  105    0    0  -53    0   29  101    0   82  -34   72    0   34 
 -12 -112   45    0    0    0   64  112    0  124    0   54    0   91  123  -16 
   0    0   49    0    0  -61    0   83   54  100  -83   26    0   41   76    0 
 -71  108    0  -67    0    0    0  103   11    0    0    0    1   59    1   29 
 -65  -64 -114  125    0    0 -126    0 -113  -21 -116   73    0 -108  -85 -102 
   1  -38  -15  -87    0   81   81  -10    0  -65   94   48   99  -54   45    0 
   0   39 -128  -54    0   24    0    0   39   75  -47  -64   38  -44    0    0 
   0    0  115   49    0   76   11    0    0   92  -97  -35 -103  -30   55    0 
   0    0   45    0  -11    0    0    0    0   60    0    0    0    0    0    0 
   0  -23    0    0  -77  -90  -24  -89    0 -119    0   96   71    0    0  116 
   0   70   36    0   89    0    3    0   45    0    0  -63    0    0 -122  104 
   0    0  -35 -101    0  -66 -112   31   48    0  -39    0  -10    0   71    0 
   0  -62 -128 -112  -66  -74    0    0    0  124   -4   66   46    0   85   20 
   0    0    0    0   28  -42    0   80    0    0    0    0  111   31   68  127 
  61   75  -62  -74  -71  102    0   53 -103   50   16    0    0   55    0    7 
 110    0   95    0   64    0  -74 -128    0   78  -14    0  -60   66 -111   42 
 -97 -117    7 -121    0    0   -3  -78  116    0   63  -16    0   91    0  127 
  84 -106  113   22    0  -77  -37   -7   60   72   21  -46  -51    0  -88 -124 
 -92    0    0    0   47    0  -81  -57    0    0   36  -56    0    0    0   76 
   0    0    0    0  -32   -1  110    0    0   78   34  -83    0   28    0  -70 
 114    0  -46    0   31    0    0   70 -108    0 -103    0   81    0    0    0 
  49    0    0   81    5    0    0 -114 -105   76    0  118    0    0   95  105 
   0  -70    0  -79   63  103    0 -123  120   56   24   53    0  -58    0 -128 
  38    0  -57   54  102  -87  102   49  -36  120   60    0   -8 -103 -109   40 
  19    0  123  114    0   13   26    0    0  -64    0  104    0    0    0  -27 
 -27   35   33    0  103    0    0   58  -73  -19  -46    0   94    0   -7    0 
-100   94    0  -48    0   61  -12  113   51   65    0    0  117   47  -48    0 
 119    0   37    0  -42  127  -23    0   72 -115   18  -65    0   -5    0  -20 
   0  -33 -127    0  -10    0 -125   75    0  -62   96    0    0  -68  117  -18 
   0   71    0  -35    0    0  -21    0   54    0 -119    0   70  -36    0  -39 
   0  -24  -21  -43  -16    0  -73  -86  112    0  -35    0  111    0  -28  -99 
   0    8   23 -115    0  -83   77  -29    0    0   23  -98    0  -99  -94    0 
 116   36    0   94   38    0  -36  -33   92    0    0    0  108    0   28  -81 
 120   59  104    6  102  112    0    7    0   20    0  -65  105    0   -6  -21 
  52    0   70   22    0   37    0   83  -52  -43  -57  -94    0  102    0    0 
   0  122   -2   71  -85    0 -100   28    0   82  -33   14  116  -65  112  -85 
   0   26  -33    3  126  -35   67  -60   89   30  -26  106  -16 -100   69   61 
 110  -70 -103 -103   98 -121    0 -122   55   99    0 -110  -83    0    0 -115 
-112    0    0    0   61   96    0 -110  -43   12  100  -24   99    0   43  -60 
   0    0   -7    0  -72    0  -25    0    0    0  126  108  -89  -39  -82    0 
   0 -126    0   38  -65   37    0    0    0  106    0  113  113  -13  -95    0 
  -1   47    7  -67    0  121 -118    0    0   58  -78    0    0   92    0  -56 
   0    0 -106    0    0    0  120  108 -128    0   92   31    0 -104   -8    0 
  47 -128   74 -105   29 -104    0   79    0   47 -103  -59    0    0   84    0 
   0   61    0    0    0    0    0 -124  -71    0   77    0   34  -51    0    0 
   0   15    0    2    0  -46   57  102    0  102    0    0    0    0 -126    0 
-107    0    0   96    0  -91   38    0   74   71    0  120  -39    0   98   11 
   0 -119  112    0  117    0    0    0    0    0  -14  100    0  -74    0  -50 
  -9    0  -43    0  -92    0  123    0   49   93    0    0  -60  -24    0  -43 
 -29   19   99    0    0   38   56    0   52   67    0   55    0   51   65    0 
  -9    0  -38  -91    0   28  -66  110  114    0    0  -74    0  -56   95  -23 
  78  -49 -115  -38    0   69    0   80   46    0  -66  -57    0  -95  -86    0 
  53    8    0   77  -59  110    0  121    0    0  -81    0  -46  106  -19    0 
   0   33    0  -19  -53   53    0    0   67  121    0   11    0 -125   34    0 
   0  -25  -12  -36    0  -25  -60    0  125  -20    0  -53 -113   17    0    0 
   0  -13    0  -38    0    0  120   20  -54 -112 -126  -87    0    0  -44    0 
 -24    0    0    0   46    0  -23    0 -122  -18  116  122   17  -96   -6    0 
-113  109   -3    0 -100    0   98  -54   46  -78    0 -120    0    0   -6    0 
-113  -84   45    0    0    0  106    5   44   99    0    0   44    1   50    0 
   0   99   93    0    0  -47    0    0  100    0    0  -75  -52  -22  -75   82 
 101    0   52    5    0 -109  101   37  -15  -34    3  118    0   84    0    0 
 121    0  -18  -42    0   39   48    0 -106    0  -37   48    0    0   99    0 
  65   97    0  -10 -125  -25  -28   22  -68    0    0   22    0 -123 -122   66 
   0 -128   30  -15   36    0 -108    0  -85    0    0   66  -66    0    3 -123 
  78 -114  -77  -61    2    0  -53    0  123    0   37  -77    0    0  -91    0 
-115  100  -25    0  -71 -123    0    0  -59    0   18    0 -120   28  -86    0 
 -92    0  -32   -1    0    0  -60   20  -81  -90    0    0   68 -105 -109  -40 
   0  114 -107    0  -15    0 -127    0   82   80  127 -100    0    0    0    0 
   0    0 -126    0  -31  125    0  112  -75  108    0  -99  -64   44    0  -13 
 -72  -21   -6    0   -5 -102  -63    0    0  -87    0 -109    0    0   97    0 
  -7  -60  121    0    0    0    0  -12    0  -19  -83    0    0    0    0   60 
  17   26   23  124    0  -61    0    0    0  -79    3    0  -73    0   86  -44 
 -98   46    0   89 -117    0 -105    0  122 -107    0 -114    0  123   24    0 
  45   -4 -124  -19  -76   45  113   23  -28   40   98   20   74    0  116  100 
-102   92    0   65    0  -15  110    0    0   13   -7  -93  119    0 -128    0 
  58   40  -47    0  119  111    0  -77  124   71    0    0    0    0    0  -36 
  -6  -53  -25    0  -84   51    0   11  -30    0  111   -3   66   37    0    0 
-125  -41  107  -66  -35   68 -127   46    0   22  117 -119  -42  123    0    0 
  47    0  -45    0  -55   43    0   25   34   87    0    0   78   98  119   -1 
-109    0   47    0    0  -55    0   92   92  -78   43  -99    0    0    0   16 
  14    0  110   41    0    0    0   93    0   92   72    2    0    0  100  127 
  15   34    0    0  -37  -90  -57  -70    0   86    0    0   83  -52   26  108 
   0 -114  116  -57   44 -127    0  -85    0  -85    0  -65    0    0   99    0 
   2   96   59    0  111   85    0   53    0  117    0   73  -69    0   40    0 
   0  -91  114  -12    0  -86   53    0    0    0    0   80 -103  -22    0    0 
  79    0 -123  -79  -90    0    0  -75    0    0  -66  -14    0   17    0    0 
   0    0  -39  -87    0 -118   18    0  114  124    0    0   25   55  127   69 
   0  -38    0   82    0   76  104   91    0    0    0    0  -69  -47   65   49 
   0    0    0   11    0    0   28  -57   83    0  -33  -59  101    0  -72   -4 
   0   27    0    1 -118    6  -73    0  123    0    0  -10    0   31  114   57 
 -45   47    0 -122    0   66    0   95    0   44  -57    0  -47   56    0  -19 
 -74 -119    0    0   38    0   78 -128    0  124  -83  120   -2    0   23  -53 
 -26    0    0   26  108    0   92  -97    0    0    6   99    2   28   41  -15 
-116    0    0  -58    0    0  -82  -24    0   95    0   91  -10   67  -90    0 
   0  -82  -99    0  -11  115   65    0  -75   -5    0  -99  -49   99    0  107 
   0   69    0    0  -38  -66    0   68   70  -98    0  -19   37    0   51   99 
 -79 -108   22    0   49  108  -91    0  -10    0  -66  112   40   12 -114    0 
   0  -64    0  -97   13   18    0    0  -36  123    0    0    0 -113 -115  -27 
   0   96   83  -24    0    0    0    0   76   82   66    0    0    0   31  -14 
 126  -94   19  117    0  -38    0    0    0    0    0    0  125    0  -51   37 
 -74    0    0   56    0    0   79    0   33    0  112  -27 -123  -88    0  123 
   0  105 -122   53   79  -61   83    0   -8   -7    0  -85  -25  -49   82    0 
 -53  -24    0    0  -55  120    3  -54  107  -89   67    0    0  119    0   20 
   0    0    0   16    0  126 -118    0    0   59    6    0 -107    0   -9    0 
 -65    0   27  -34    0    0  109 -108    0    0    0    0  -89    0    0 -109 
  86   17    8 -127  -83  122   85    0   82    0    0    0  -81    0    0    0 
  39   16    0 -127    0  119    0    0    0   -8 -101 -116    0  -53   92 -113 
  57  100    0   69 -124    0  -58    0  -37 -123  126   58   59   -7    0  -82 
   0    0   15   34  -95    9    0  -90   71    0  -24  -32 -128  -43    0    0 
   0  -98 -127   96    0    0    8  -76  -43  -74  126  -90    0  100 -104  119 
 105    0   85  -65    0   54  -91 -111  -37  -20 -102    0    0   68  -70    0 
-123    0    0 -110  118  -21   62    0   62   45   13    0 -109  -80    0  -44 
 117    0  -40    0  -82   45   58  -31   35  -10 -100  -48   65  -83  -10   69 
 -97   86    0   68    0    0    0   86  -27    0    0  -64   79    0  -17   94 
   0    0   51   13   71  110    0  -60    0  -46    0    0    0    0    0   -8 
 -86   91  -12   47  -19   89  -16    0  106  105    0    0  113    0    0  -36 
 -91   96    0    0 -101   92    0    0   71    0    0   -7    0  112    8 -110 
-123    1    0    0   86   48   73  -79    0   99    0   69    0  -34  -60    0 
 -12   47 -107    0   24  -77 -110    0    0   86    0  -21   46   86  -82    0 
   0   22    0    0    0   95    0  118    0   93    0    0 -119  -88   27    6 
-105    0    0  -97  -42   19    0    0 -114    0 -116   26  -55   82    0   57 
 109   21   -9    0    0   17  106  127    4    0    0   99    0   56   -7    0 
  52    0    0    0   37 -121   51   85  -73   -5  127  -18   57   92   -1    0 
   0  -86   63    0    0   77  -24    0  109   69    0    0   96    0  -14   91 
   0    0   87    0    0   71    0    0    0  -55    0   -9  -43  -67  -13  -10 
  16   39    0  -12   -1    0   30    0    0  121   85   89  -42    0   23   92 
   0    0    0   81    0   47   17    0  -75  111  -93    0   42   35  -60  -72 
  51    9    0    0  -57    0  -57    0  -99    0  106    0    0    0    0    0 
   0  118  104    0  -43  -53   96    0  -58  -72    0  110  117   80    0   51 
   0  -35  109  -54    0   76   53 -120   22   -5    0    0  -94  126    0  -50 
 -91    0  -20   80    0  -86   65    0   96    0  -59    0    0   15    0    0 
  -5  -75   53    0    0   75    0  -32    0    0    0    0 -114    0  -48   31 
 -68  -27  -94  -90  -59    0  -30 -128   18    0    0    0   81   38    0    0 
 123  -70    0  -12   40    0    0    0 -123  -43    0    0   65    0  -27  -19 
  89  -36    0 -125    0    0  -37   43  -87   42    0    0    0  119 -105   -7 
  34  -35    0  111   -9  124 -109  -20    0    0  -12   33    0    0  -96 -115 
 -58    0  -33 -110  -29  -71    0    0 -105    0    0   35  -76    0    0   29 
-111  -50   46  -15   -3   76   85  -84  -61    0    0  -32    0    0   52   51 
  89  102  -31  119  100    0    0  -28  -79    0    0   29   46  119    0  121 
   0  -83  -85    4  -55    0    0  -49  -32   42   68   30  -18   25    0   78 
  94    0  -95  -67  -67    0  113  127    0  108  -48  -30    0    0    0    0 
   0  -47    0    0    0    2  118    0    7    0    0    0   68    0   84   92 
  13  -47    0    0    0  -67    0  119   53    0   56   -3  -65  -97   56 -128 
   0    0   95    0    0   31   66  -17    0    8    0  123    0    0    0  -82 
 -11  -10    0    0  -36    0    0  -68    0   61  -12  111    0   -5 -113    0 
   3  -75   10   69    0    0  -84  -93  127  103 -124  101    0  105 -112    0 
   0   27  123    0  123    0    0  -15   -3    0  101    0  -36  -40   17  -50 
 -12  -83  -65    0   21   -1   -4  -80 -109   42   -9    0   29    0    0    0 
   0 -124  -83    0    0  120   47  -43   88    0    0  -86 -127  118  -15  -59 
 113   15  -37   73   23  -10  -58   70    0  113    0    0    0    0    0    0 
  73  -51    0  -62    0    0   90 -109    0  -42   37    0  -95  125   24    0 
 -66  -89   84   95  -19  -81    0  108    0    8    0 -106    0 -102    0    0 
  31  115  -77  -41   81    0    0    0   88    0 -104   13  -15  -12   29    0 
-102  -92  126    0  -80    0  -79    0  -74  -83    0    0 -113  113    0 -110 
   0   30   -1   80   30   -5  -89    0  100    0   -1   67    0    0   43  101 
  -2    0  -41    0   58   94    0    0   48   77   21  -83  -32    0    1   82 
  82 -117   64   22    0    0   70   57   36   12   93    0  -74 -128 -115    0 
-106 -109    0    0    0  -24    0  -22  -61   23 -113  -25   93  -75    0  -58 
   0    8    0   43  105    0   34   42  -86 -102    0 -126   -8   65    0    0 
 125    0    0 -119    0 -103    0    0   -2    0    0   42   92    0    0    0 
  82   92  -83    0    0  -11    0   23   24  -95   -1   25    0  -59   70    0 
 -19  111    0    0 -128   38    0    0  -10  -94    0   89    0   -7  -23  -16 
  29   93  -50  -60  -54  -45 -110    0 -112   56  -22    0  -87    0    0  -57 
 -42  -46    0  -53   61    0    0    0  -84    0 -108    0  119  -63    4    0 
   0    0  -60 -116  117  -83   -7   22    0   79  -86 -122 -103   28  -90    0 
   0  -17   95   17    0    0  -53   -3    0  -47    0  121   -9    0    0 -103 
-119   26  113   51    0    0   55    0   61    0    0    0    0  -58   31    0 
 -42    0   98    0 -104   71    0    0   94  108    0    0    0   68  -68   89 
 -49  -35   74  124    0    0    0  127   64   61   88    0  -97    0 -105  -96 
   0   74  126    0    0   90    0    0  -33    0  -45   51  -44    0   83    0 
   8    0  -66 -113   15    0   43    0  126    0  116    0    0    0  -12  -60 
   0   84    0 -109  104 -124  -79   47   21  -52  -90   65  -47  -35   63   -8 
  47 -103 -111    0    0    0    0   94    0    3    0   38   96    0  124  -60 
   0   29  -88   -1    0   50   55 -126    0   32    0 -109    0   68    1  -27 
 -56   61  -86    0   -3    0  -55    0    0    0  114    0  109   -3  -27   77 
   0    0   35   93    0 -118   56  104   31    5   79    0 -115   65    0   75 
   0    0    0  -32   44    7    0  -72   19  105   84  -72 -100   98    0   40 
  99    0    0    0  -45   98    0  -20   68    0  -24  -24  -57    0    0    0 
 -18   22    0   65  -42   41  107   -9 -127  -18  -45  -16    0    0    0    0 
 -83    0    0   71   23  121   27    0  -79    0   27  111   33    0    0    0 
   0  -36  -17  115  -13   54   38    0   95    0   84 -127   94    0  -85   10 
  40    0    0    0   22    0   30  -96  106  -99    0    0  -83    0 -101 -101 
  -6    0   -2    0   98  -12  -11   14    0  -24 -125    0   72 -104  -34   24 
   0    0  101   89    0    0   38  -73    0    0    0   26    0   62   18   30 
 -85    0  -85   34 -111    0    0    0    0  102   -9 -100  103    0    0    0 
   0    0    0  -72 -114  -21   44    0   47   80 -107    0   84  -85  105 -128 
  66 -100    0   76    0    0    0  -48    0   -4    0  -71   62    0    0   -2 
  62  -24    0    0  107   76    0  127   28    0   27  -96   54  -41  -41    0 
   0  -93    0  -65    0    0   21  -14  -45   49    0    1    0  -91  -90    9 
 -49  122    0   21   58    0   -4   86 -102   36  -90    0    0 -112    0    0 
   0   64  -77   43  -86   29    0   81  110   72  -88    0  112 -101    7    0 
   0   78   87    0    0   66    0   51    0 -102   45  -63    0   94    0   73 
   0    0   91    0   75  106    0    0    0   17    0  122   63  -45   53    0 
  56 -101  -40   88   67   59  -36  116    0  -70  -72 -113    0 -118   81  -77 
 -13  115  -53  -29  125  -33    0 -109    0   88  -38  -32   22  -71   37 -104 
   0  -89    0  -37    0  -79    3   -2    0 -100  -99  -21    0    0  -49    0 
 -17    0  -95  -64    0    4   73   23   31   -3   14    0  -48    0    0   92 
   0    0    0    8   98  125  -46    0  -60   11    0  127  -81    0  102    0 
-125    0    0  -53  112  -48    0    0    0   23    0  117  125  -99    0 -113 
 -46    0    0    0  -30 -115  -74   26    0   42   73 -116   53  -92 -126  -69 
-100  -14  121    0    0    0    0  -82   94  126   60   99   79    0  112  -51 
   0   72   31    0  -19   34    0    0  109    0   35  -61  -60  -75    0    0 
 -58   29    0  -50   81  -53   83    0    0    0   46    0   69   -4    0  -50 
  75   86    0   52    0  -86  124    0    0  121  -73 -125 -102  -77 -121    0 
 116  -68  126  110  106   39  -34    0    0  -44  -55  -86    0    0  -44 -122 
   0    0   96  -23    0  -61    0    0  -41    0    0    0  -12   90 -105  110 
   0    0    0  103    0   17   56    0    0    0  -80    0    0  -19   35    2 
 -63    0   -1   65    0    0    0  -41  -72   88   46    0  -61    0   28   -5 
  61  -17   85    0 -108  103 -119   26    0    0    0  -63    0   35  -49    0 
   0   18  -29    0    0  -28    0   86   -7  -67   77  120  100   89   41  -49 
  53   12   47  -13 -100    0    2   25   55  119    0    0    0  105    0  -29 
   0    0  -32  108    8    0    0   60    0    0    0    0    0    0 -101   84 
  42    8  -60  -12    0  -41    0    0    0 -113   26    0   43  -46  121    0 
  93  -35 -123    0  -40    0   74    0  -73   -4    0    0  -66  -91    0  -73 
 106    0  -41  -20  -66  -99    0  117   24   90    0  -12    5 -100  -80    0 
 114  -17    0  -63  -73    0  112   34    0    0    0    0  123   63    0    0 
   0  -41  -82    0  -34    0    0    3    0    0    0    0 -115    0    0   21 
   0 -128  -85    0 -113  -26  -53  116    0    0    0  -95    0   -2   64  112 
 -50  -44    0  -71  -29    0  -80    0  -39   73  106   29    0    0    0    0 
   0  -85  -74   28  -56 -112   44  -31  -37   43   24   39  104  -69    0   59 
 110  -52    0 -107  -36   19    1    0  -82    0 -121    0   12    0   62 -115 
-118 -118  -66    0    0    0    0    0  -79   57    0   47    0    0  -12  -35 
 -58   37   93  -67  -71    0    0    0    0    0  -85    0    0    0  -59  102 
   1   83   69  104    0    1    0  -39   51   30    0   76   66  -27    0   34 
 -20    0    0    0  -57   53    0    0    0 -116   21  -36  -75 -116 -120 -104 
   0  121  -90    0   87    0  -28   37  -48    0    0    0  -48    0    0    0 
  54  -40   12    0   16    0    0    8  -60   34   47  -50   61    0   54   50 
  17   69 -120  126   36    0   16  -37    0    0    0   82  -65    0  -73    0 
  69  118  -55    0   64    0    0   17   40  -65  -19    0   28    0  -68    0 
 -89    0   93    0   60   30   44    0    0   36   -5    0   27    0   41    0 
  -5   69    0    0  -78  105  -48    0    0   80    0    0    8   98    0 -126 
   0    0  -35   -8    0    0    8    0  -52   33    0    0   41    0  108    0 
  46    0  -30  -93  -68  -21   14   29   83   87    0  -27    0    0   55    0 
  47  104    8  118    0   42    0    0    0   45  -64    0   90    0  102   94 
   0    0    0  -14    0  111   38    0 -124   22    0   88    0   96   13  -12 
   0    0    0    0    0  -27   24  -44    0 -114    0    0  122  -13   90  -98 
  27    0  -39   48  -96    0    0   73    0   67   31   48 -105  -64    0  -44 
   0  -51   40  -28    0   63  -67    0  -85  -92  -14  -58    0   45  -23  -91 
 -47   33    0   44    0    0   -7   64  -18   83  121  113   54  -87   81  -77 
   0   45  -90    0    0    0    0  -41    0   42  108   41    0  -24   74   46 
 -78    0  117  -25   37   -8   51    0   43  -61  -21  -46    0  -42   84    0 
   0    0  -33    0    0  105  -51    0    0    0   11    2    0   68   -3  -88 
   0  127  -35  -15   -4   56   46    0    0 -128   78   34   64   76  -21  -33 
  45   -8   69    0    0    6   36    0  -50  -71  107    6  -67 -104  -11   44 
 117   83    5   50    0  101    0   97   90   99    0   10    0    0    0  -24 
 -33    0 -112  -47   76    0    0    3    0 -108  -82  119    0    0   77  -65 
   0 -114    0    0  -81    0    0  -53    0  106  103   21    0    0  -22    0 
   0 -112    0    0  114  -95   20  -60    0  108 -105    0   73 -128    0  -21 
  38  111  -75   70  127    0   41    0 -119    0  -90    0    0  -49    0  -83 
  17    0    0   92    0 -108   -5    0    0  106   16  -88  113 -109    3  -26 
   0   37  -31    0 -108  -25    0    0  105    0  -29   51    0  -49  -32 -126 
 114   60 -109  -19   42  -13  -47   47   95    0    0    0    0    0  123   32 
   8    0   59    0 -120  -61    0 -100   39    0  -17   -2   27    0   88  -69 
   0    0   12    0    0 -128 -105    0  107   42    0    0    0   98   53 -107 
  58   73    0    0    0  -29  -65  -82    0    0    4 -111  104   28   17  -61 
  79   38    0    0 -127   62    0    0   49    0   76  100  -90    0   15    0 
  59    0    0    0   95   59    0    0  124 -108  -50   95    0  -87    0    0 
   0   34    0    0   84  -54  -77  -74  127   27  -13    0    0   52  -98 -109 
   0    0  -21    0 -114    0   77  -32    0  -85   20   65    0   82  -85    0 
 122   72    0    0    0  117    0  -52  -42  -77   28    0    0   52    0   13 
 -17    0    0   61  -33    0 -122  -22  116  -10    0   17   70   34    0    0 
-115   75    0    4   32    0    0    0    0    0   36   45   38    0    0    0 
   0    0   69  -98    0   70   97  -76    0  -83   12   42   82    0    0   -7 
   0   39    0  -32 -109    1  -70  -44    0 -109    0   63    0 -125  -22    0 
-124    0   23    0   13   -3   13    0    0    0  126   86   69   -9   31   18 
 -78    0    0  -71    0    0 -103    0    0   59    0 -126    0    0 -122  102 
   0 -111  -74  102    5   75   19  110 -102  -31    0    0    6  125   66 -103 
   0    0   80   -6  126    0    0    0    0  -42    0  -54 -115    0 -107  -97 
  11   14   64  123   68   61   31   29   -5  -22   21   49  -20  -56   34    0 
  52  115  -19    0    0  -16    0   13    0  -82  -45    1  -75  -91  -11 -121 
  31    0   11  -70   52  107    0  -41   -6    0   35   70  113    0    0    0 
  97   27    0  116   54   55    0    0  -87  -51  123 -124   42   48   36    0 
   0    0   -7    0  -24  -60   34  -92   68  -88    0  -70  -37    0  -30    0 
   0  -47   51    0    0    0    0  -43 -101   36    0 -123  124  -88    0  -30 
  81   67    0    0   19    0  -10 -128  -50    0    0 -125  -61  -60  102  -58 
   0    0   60   -5   63   53 -112    0    0   31  111  -92    0   73    0  -45 
 -24  109   -4   64    0    0   46    0    0    0    0  -79    0  -64    0    0 
  19  -30 -128  -76    0    0 -126  -68  -10 -100    0  -54  -98    0    0   69 
-112   77  -51    0    0    0    0    0  -51 -110    0  120  -94    0    0    0 
  -3   36 -125    0   22  -92    0  -11    0 -122    0   40 -101    0    0 -114 
 -55    0  -61    0    0    0 -104  -20   15  -43    0  119   20  -96  118    2 
-124    1    0    0   -4 -124    0    0  127 -110 -110    0    0  120    0   79 
  83    0  -42  -33   55    0 -126    0  -49    0    0  -78    0   94  -20   75 
  55   22   72 -110    0  114  -91    2   13  127    0    0    0    0    0   71 
   2    0  105    0   32  101 -103  -78    0  -77    0   77    0  -58    0  -79 
 -56    3  -57  -88  -56   41  -36 -123    0   64    0  -74  -54   -9  -19   86 
 -45    0    0    0 -110  -14    0 -101 -109    0  -22    0  -73  -52 -120    0 
 -48  110    0  117  -80   50   90    0  -92  117  -66    0 -124    0    0    0 
  18 -126    0  -44  120   84  107   42    0   28  112  -73    3    0    0  106 
  95   33  -56    0  -21   75 -123  105  -44  -48    0   28  -71    0    0   60 
   0    0    0   83    7  -10    0    0   64   90  -80   17  -14  -98   40    0 
 -62   63  125   12    0    0    0    0  -11   34    0    0  120    0    0  -26 
   0    0 -105  -58    0    0  119    0    0  -30  -49    0    0    0    0 -116 
 -80   58   74   62  -36 -100    0    0    0   17    0   40  -37    0  -92  -46 
 -13  107   80 -104 -117    0    0  -54   87  114    0   -6   55  -21    0    0 
 -28   12  104  122   11    0    5  -39    8   37  101  -69  -48  -26   79    0 
 106  -56    0   40    0    0    0    0  108   32    0  -55  123    9    0   -3 
   0   15  107  -93 -127    0  -70  -30  -95    0  127    0  112    0    0    4 
  -6  -85   68  -12    0  -25   93  -52   44    0    0   91  116   44  -64  105 
-114   80 -100    0   60   84    0    0    0    0    0  -42  -83  -34  105  -35 
-110    0  -24   50   14  -12  -98  -40  112    0   -2    0    0  122  -66    0 
   0  -32  -81    0 -101    0  -70    0   72    0    0    0  -27    0    0    0 
  62    7    0   91 -121   -1    0    0    0    0 -111   54  -35    0  -18    0 
   0    0    0 -123  -13  -62    0   67    0   17    0  107  -46  -20  121  111 
  73    0   -7   19   86    0   78  102    0    0  125   50    0   13  -98   71 
   0   58    0    0    0    0  -57    0  -72 -107  -21   47 -101  -89    0  105 
  -6   33  -30    0    0   28   80  105    0  -81    0   51 -104 -109   51   -4 
  44    0   21   -4   49    0    0  -46   79    0  -50   -9  -22  119    0    0 
   0  119    0  -18    0   93   36  -85   69   78  -53    0   19    0   50   72 
 -62    0   44   58  -74  -70  -14   50   75    0   77    0    0   99    0   -9 
 101  -29    0   11    0    0    0    0  -61    0 -120    0   26   58  103   98 
   0   18  126    0    0    0    0    0    0   72   87   27 -115    0  -11   63 
 -81    0   23    0    0 -126   61    0  -94    9  -28   91   24  106    0  112 
  40  -85   99  -52   54    0    0    0    0  -81    0 -115 -120   23 -111    0 
  41  -70   48 -106    0 -121  -21  -60    0   67   58   27  -10   14  -25    0 
   0    0    0 -105    0   53  -86  -54    0   56 -107    0   54 -118  -74  100 
 -31  -31 -127  -21    0  -76   29    0    0  -76    0    0  114  -82    0  -80 
  -8   16   41    0  -39    0    0    0    0    0    0    0  -18  -73  125  -97 
   0   73    0  111  -50  -63  114    6    0 -122    0    0    0    0    0  -52 
  21    0  -20    0  -70 -117  -63  -40   22   59  -76    0    0  101    0    0 
  97   13    0  -61    0 -121 -117    0    0  -23    0    4    0   45  117    0 
-128   27    0    0    0  -59   21   81    0 -127   74    0 -127    0    0    0 
 -69    0   74    0  -97    0    0  -79    0 -100  117    0   13   -9    0 -127 
   0  -39  123  111 -116    0    0    7   77  105  -74  -15    0  111    0    0 
  48   34    0    0   -1 -122   53   95   85  -30    0   61    0    0 -112 -104 
  83    0  -89  -70 -106  -20 -107  104  -59    0  -10    0 -118   88 -113   56 
  47  -26   43  -42    0   -7  -32  -19  -18  -96    0    0    0   29  -11  -25 
  -2   48  -72   -6  -91  -79   26  -15    0  -83    0   84  -90  -49    0  -71 
 112    0  -11  -11  -55   42    4    0    0  -76   -8    0   63    0    0    0 
-118    0    0    0   73    0    0 -112 -125  -83  -82    0    0    0    0  -63 
   0   24   86    0  -62    0    0    0   65    0  -57   47 -115  -34   50    0 
  69    0    0    0   46 -100    0    4   16    0    0   86    0  -22  -21    0 
-105    0    0    0 -124  126  105  -99    0    0   99   38  -42    0 -105  -18 
 -41    0  -11    0 -108   22    0    0 -102  113 -105   43   17    0   56    0 
  57  -53   39   87   82    0    0   74    0   91  -73  -98   99    0   65    0 
   0    0    0    0    0    0  124  -68   27    0    0   87    0  -35   87   43 
   0    0    0    0   38  -16   80  -31  119  -83   45    0   -3  -71    0   54 
   0    0    0    0  -81  -81    0  117    0    0    0  -85  110    0    0    0 
   0    0  -12    0    0  -53   76   95    0    0    0    0    0   79  -15   48 
  14  -40  -77   -4   21    0  -13    6    0    0  -18  108  -19   21    0    0 
 -44    0  -29   83   14   35   51    0  -32    0   32   98   67 -113    0    0 
   0    0    0   42  -17  -65    0   97  -10    0 -123  -80  -17    0    0   93 
-101   31  -20   47    0    0    0  -84    0  -31  102    0  -59    0    2 -123 
 -66    0 -116    0   49   95   67   40    0    3  -97   22    0    0   50  -19 
   0   12   46   80    0   52  -90    0   59    0    0  102  -47   22   57  -53 
  20    0  -40 -119    0  -95    0 -118    0   65    0 -120  101    0    0  109 
 106   82  100   44   38   42  -96   19    0  -48  -50    0  -22  104   75    0 
  13    0    0  -56  -86  -66  -79    0    0    0    6    0   84    0    0   99 
   0  -80    0 -124  -54    0   76  -17  -61    0  -74  -91    0    0    0    0 
  87  -12    0 -117  107  -33  101  101  -59   -3    0   91  116  -10    0   18 
   0  -29    0 -114    0    6 -109 -120    0    0  104   79  117   12  -99   43 
   0    0   -9  -80  -96   73  -83  117  -90   62  116  -14    0   76   60    0 
   0    0    0  -15    0    0    0  123  119   34    0  -92    0    0   42   19 
 -14   91   97   91    0   20  124    0  -69  -11  -11    0    0 -118    0   75 
   0   10  -91    0    0  -75   71   -9   78   43    0    0    0  -59  -58   82 
   0  -29    0    0    0 -117  -43    0  -24   87    0  109    0   33    0    0 
   0    3  119   94    0   28  -83 -123    0 -105   97  110    0    0   58  -18 
   0  121   14    0    0    0    0 -107   40  126    0  116    0   21  -47  -42 
 -18    0   18  116   83  -19    0    0   86   44   78    0    0    0    0  -12 
-124    0  -92   23  -39   85    0 -128   70   97   -5 -100    0  -21  -72 -119 
 114   41   77  -19  -57  -38  123    0  113  -32    0   33   81   72   52    0 
   0  -22    0  -33    0    0    0  122    0    0   42    0  122   29   65  -60 
-122    0   70    0   33    0  -45    0  100    0  -35    0  -99  124    0   -9 
   0  -26  106   34    0  126    0  -91  -94  -99 -104  -20  -45   81   95   44 
   0    0    0   60    0  -41  -22    0  111  -20  -29    0  119  -20    0  -57 
 107  -37  -28    0 -112  -31  -55   97    0  -96   48    2   96   84    0 -103 
 -71  102  -54    0  -72  116    0    0  -88  -38 -113    0  -65  -38  -88    0 
   0    0   16    0  -12   40   97    0    0    0   -8   51  -12    0  116    0 
   0    0    0    0    0   57    0    0  -40   -9 -112    0  104    0    0 -109 
   0  -20    0   76    0    0 -125   20    0    0  124    0   14    0  -64    0 
  37 -126  -47  -52  -51   83    0  -39  -26   99    0 -116    0    0   12  -73 
   0   -1  -32   -1    0    0  108    0    0  -24 -104    0    0   22   51    0 
 -50    0  -89   17  -67  -21    0   24  118    0 -101  -14    0  112    0  118 
   1    3    0    0 -104    0  -27 -116    0   59    0  101  -45    0   20 -124 
   0   77    0   53    0  -43   51    0    0  -33    0    0 -122    0  -98    0 
   0    0    0   69    0   -2  -39    0   65    0   29 -123  -29    9    0    0 
   0  -49    0  117    0   10   10   51    0  -42 -108    0   47  -39    0  -97 
 -38  -35  -38   67    0   36   13  117 -102    0    0 -118   65    0    0   94 
 -52    0   77  -29  -79  -43  -54   49    0   64  109   60    0  -24  -36    0 
 -67   62   24 -109   99    0    0    0   54    0    5   59    0    0   79 -125 
 -14  113    0    0   20   46    0 -104  121    0   40    0    0 -123    0    0 
   0    0   18  -77   12  -92    0    0   81 -123  -62    0   43  -41    0  111 
   1    0    0  -37    0   -9    0  -42    0    3  121  -11  -50    0  -14  106 
   0    0  -61    4  -59    0   91   92  -69   77  127  106    0    0    0 -100 
   9  110    0   32   40   90    0  126  116    0    0  -80   77    0 -128    0 
 -12  -68    0  -72  -90   54    0    0  -31  -85   85  114    0 -124    0    0 
-120  -10    0    0   73    9    0 -104    0  -27  116  -50    0  -74  100    0 
   0  -53  -50    0   15   76  -66   69  -55    0 -107  109  -53    0    0    0 
   0 -108  -36  -68    0   48   21  -32   70   37    0   87 -113    0 -119  114 
   0  -76    0    0    0    0  -97    7 -100 -120  -15  -50   88  -80 -110    0 
  66    0   70   51  -61    0  -10    0    0    0  -31    0   53    0    0    8 
 122    0    0   29    0   21   32   26    0    8   17    0  -50   44   80   69 
   0 -107  120   97  114    0    0    5  -31    0  -26    0    0   42   18  -61 
-115    0 -122    0    0    0   -5   60    0 -104 -121 -101    0    0    0    0 
  61   54  -88    0   81  111    0    0    0    0    0  -43    0 -109  -23 -102 
  26    0    0  107    0    0  -40    0    0    0 -124    0  -12   93 -116   37 
   4    0   -8 -116   89    0   20    0    0   26    0 -112   -7    0    0    5 
  39   47   15   63   90  -37    0  126  -19 -127   -5   32    0    0 -115    0 
   0   15   -1  -15   73    0  -24    0  -56   18   48 -113  -30  -15    0   72 
   0    0  -96  -43  -37   67   31    0  -66    2    0    6  -97 -105  -24  108 
 -67    0    0    0   21    0    0  -67   81    0  -71   16  115    0  -72 -109 
  -7    9    0    0  123   49  123  -41   75    0    0    0    0  -11    0    0 
 -96    0  -69 -128    0    0   40   78   87   85 -101  -67   91    0    0   -5 
  96   17  101    0   24 -104 -105    0    0  -44   25    0    0    0    0   22 
   0  -56    6    0  127    0    0  -38    0    0  -48  -89  115    0    0   61 
   0    0    0  126    0 -113    0   40    0  -62  108  -77  -11  -14    0    0 
 117    0    0    0   64   59    0    0  -38   55  -13  -43  -28  -73  110  -86 
  18   89    0    0 -116 -116  123   42    4   59  -39    0    0    0    0   97 
 108    0    0   28   34  -59    0   -8   85    0   34   28  -41   45  101    6 
 -33    0   38  -43   -5   54   12   77  -34    0  -90   30   83    0    0   38 
   0   76    0    0 -109    0  -74    0   -3  115  -14   29   -9  110    0   70 
   0    0    0   64    0  113   42    0  -19    0   55   64    0 -106    0  -76 
  91    4    0   40   15    0    0   66    0 -125  -82    9    8   10    0 -107 
  57    0    0    0   23  -52    0  107   -6    0    0   -8    0 -127 -110    0 
   0   42  124    0  -50   19   95   83    0  -52   19    0  -40    0 -114   -4 
   0    0   31    0 -109    0    0  127    0    0  -37   42    0   42    0  -22 
  88    0 -118   16   73    0  -87    0  -28    0    0    0 -111   42    0   42 
  80    0   12    0 -104    0    0    0   66    0  -88   99  107   74  -40  -19 
   0   63   32    0    0  123 -110  -21    0    0   85   41   12  -74  -56    0 
  26  109  -22   75   30 -114    0   41   -3  125    0    0    0  -41 -108    0 
 105    0  -75   40  120    0    0  121   51   57    0  100    0  119   82   19 
   0    0    0   59  -15    0    0 -119  -27    0  -97    0    0  -38  -76    0 
 -22   60    0    0 -107    0    9  113   21   -6   -2  -74    0  117  -57    0 
  42   43   28    0    0  -90   47  -39   71  110  113  -36    0 -102    0   33 
   0   73    0  -85   -9  -38   66 -120   92   -2 -117  -34    0   91  -11  -47 
 -77  104   98   60    0   -2  -91   68   43    0    0    0  -90   81    0   48 
 -11    0    0  -73   68    0    7    0    0    0    0   87 -103    0    0    0 
-104   34 -118 -103    0    7    0  119  -77    0  -62    0  125 -124    0    0 
   0  -14  -16    0    0   11    0  -83  -91    0    0  104   60  -33    0  -78 
   0    0 -104   85  123    0    9    0 -112    0   61  -70    0    0 -122    0 
   0  -51    0    0 -109  -70   42  -71  -40    0   29  -40    0    0 -126    0 
 124   69   31  -67  -32    0  -77   18    0    0  -18    0   43   74  -25   99 
  10   66   72    0  -86  -70  -29   26    0    0   32    2    0   34  -59   67 
   0    2    0    0   24  110    0   52    0  -32   72    0   75  -91   56   25 
   0 -112   87   32   53   40    0  -18  110   49  102   34   91  104    0    0 
 -85    0    0  -18  -82  -91  103    0    0 -120  100    0    0  -22 -113  -98 
-127 -103 -100   64    0   96    0    0  120    0    0   -9    0  -96    0  -73 
  30    0   84    0   27  -81    0  117  -64   87    0   26   90    0  -60  -36 
 -33   82   44   63   95   -6   98   35  -33  -86  113  110    0    0    0    1 
 -93    0    0    0  117   46   16  -27    0   -5   51    0   27   38   43   84 
   0    0    0   31  -87  -55    0  119    0    0    0  -61    0    7  120   15 
  84  107   90    0    2  -78    0  120  108   29    0    0   27    0   40  -57 
   0  -13    0  104    0    0    0   98  117  -77   89    0  -95  -82 -123    0 
 -69   90   22  -29 -102    0  -20    0   -1  -10    0    0 -118    0  -81   99 
  96   55   55    0    0 -126    0   71    0  106   86   37    4    0  -56    0 
 101    0 -115   88  -63  104  -72    0  -96    0  124  -52    3   36    0  123 
  51  -55   56    0    0 -102   20    0  -41  123    0    0   16  -38    0    0 
   0  -89    7   99   -8  -88  -23   99 -110    0   10    0    0    0    0   -5 
  49    0   46  -65    0  121 -100    0   26    0  127    0   43  -86 -128    0 
   0   -4  -76   31    0  116  117    0    0    0    0  -11 -116   28    0 -102 
 -62    0  -77    0  -38    0   40   69 -112  -45    0    0    0   99    0    0 
  -2  117    0 -120   39    0    0    0  -39  -66  120  -70  -31  -69    0    0 
 -18   -5  -42   13  -11  -42   76   87 -118    0   18    0  -93    0  -30  127 
 -89   91   23    0    0    0   37   98    0    0    1    0  -41    0   44    0 
-126  -18  107 -108  -99   96    0  -60 -128    0    0  -65    0 -114    0   56 
 -14    0    0  -35  -67    9 -117   89    0   20  -85   17    0   40    0    0 
  60   18  120    0    0  -24   46  -78   76    0  -79   11    0    0  114    0 
   0  -90  107   21    0    0   12    0  -85  -70    0  -61   73    0   80    0 
  35 -106   33 -121    0    0   38 -103  -96    5    0    0    0    0  -44    0 
  66  -97    0   38  110  -68    0    0   18  -47  -15  -22  100    0  -48  -98 
  89    0   34   89  107    0   77    0    0   77  -90  125    0   34    0  107 
  83   16   30    0   83    0   36    0    0    0   60  -59  -50    0  125    0 
   0   63   94   35  -73    0  127   18    0  -13    0    0   28    0    4  -23 
   0  -72    0  -88    0   47  -28   13    0   -2    0  104    0 -127    0   54 
  -1  -35  -82    0 -113   23   42  -38    0    0   39  -19    0  -89   50  -87 
 -12   91    0   53    0  -70    0    0    0    0  -34   94   24   24    0    0 
   0   23    0  -70    0    0  107  -70  -15    0 -106    0    0    0   94   54 
   0    0    0    0    0  -44   -5   87    0  125    0  105    8    0  -28   93 
   0    0   65   65    0  -35  -31    0    0 -106    0  -23 -124  -19    0  -67 
   0 -117   64    0    0    0  -52   75    0    0  -23    0  -43   95   13  118 
 102 -118  120  112   78 -120 -124  108    0  -95    0   58    5    0    0   26 
  31  -97  -53   62    0   56   97   -5    0    0    0  -81   -9    0  -80  114 
   0  -83   91   45   66    0    0    0   40  -63    0  126   71    0   50    0 
 -69    0  -26   48    0   24  -40  -41  121  -43   99  -20   89   53    0  -89 
  13  -86  -87    0   21   26    0  108    0   93    0    0  -83   56    0    0 
   0   64    0   51   50   27  -40  -39  123   -1   54    0    0  121  -45  -98 
 -24   89  -85  -31  118  -18  -61   21    0 -128    0   89  -50 -113    0   15 
   0    0  -40   47    0    0    0    0  -56  -26   64  -18  -84   13  111    0 
  85   50    0    9    0    0    0  -32    0   76  -79  125    0 -101   75  -29 
   0   62    0  125    0    0    0    0   46   75   29   65   48    0   83  116 
 -85  -23    0  100 -127 -120    0 -110    0  -94    0   96  119    0    0   54 
  95  100  -32    0  -72    0   31    0  -22   38  -15  105   -8    0    0   90 
   0   71   72    0  115  119  -89   87    0  -26    0   82  -16    0  -11  -27 
 -39  -93  -87  -56    0  -77    0    0  -99    0   65  -24  -86   96    0    0 
   0    0   34    0    0    0 -115  -88  114 -107    0    0    0    0   36  -77 
   0    0  113    0    0    6  -21    0   13   -9   19    0  -26    0   21  -95 
  14  112 -109    0   14  -64   92   66    0    0 -125    0    0   14  -54    0 
   8    0   33   -4  101   46  -89   -4 -128    0   81   64    0  -23   16    0 
   0 -120   15   46   75  115  -29    0   65  -24    7  107  -85   12   64   92 
  49   63   46    0 -128 -120   92   53  -80    0    0  107    0    0   32    0 
 -55    0   -6  -22   15    0  -52   44  123    0   90    0    0   19  -59  -92 
   0   75    0   17    0    0    0    0   89   69    0  -41  -60  -32    0   11 
   2    0  -44    3    0  -43    0  -16    0  -73   38  -32   80    6    0    0 
 126    0    0   12    0    0    0   23    0  118 -119  -69   14    0  -73   61 
 -24    0   76  -95    0  -85    0    0  -55  -27    0    0   -5  108   56    0 
  62    0    0  -24  115  -99   93  -87  -33  120    7   72    0 -119   53    0 
   0   99  -68    0   -9  -20   18   -7  -92    0    0  -47    0   60  -77  -20 
  22  -74  -72    4    0  -62    0  -27    0 -125    0  -33    0  -22  107    0 
  36   83    0   21 -115    0    0   81  -23   -9   54    0    0   86  -40  110 
  98    0    0    0    0  116  -37  -75  -60    0  108    0 -102  -90   85   57 
 -29  105   -4    0 -109    0  -48 -124  -54    0    0 -128    0   11 -117  -36 
   0   78  -46    0  104  -80  107  104    0    4   51    0    0  124  127 -127 
 111    0   84   48   64   61   87   50    0    0   12    0    0   -5    0   35 
  94  -29  -32    0    0    0    0  -99   87    0    0    5  -80    0    0 -109 
   0    0   66    3  107  121 -102   67  -77    0   83 -119   66    0    0  101 
   0    0  -55   60  122    0  -84    0  100    0    0  -21  -67 -126  104  104 
-115    0    0 -107   20   17    0  -26    0  -98   96    0  119  -47    0   54 
   0   68   33  -60    0   84   20  105    0    0   61    0   56  -81   69  -19 
   0  110  122  -62  -21   44    0    0  -57  107    0    0    0    0   19    0 
-114    0   -1   82    0   -8   91    0   31   74  -75    0  -22   45   13    0 
-110   23  -93    0  -47    9   47  127    0 -122    0   94  106    0    0  -64 
-122   68   93    0    0    0    0    0    0    0    0   23    2   73    0    0 
   0    0  -53 -119  -24    0  -27   47   26    0    0   23    0   58    0 -104 
-111    0   -3    0   95  107   48    0   90   27    0  103    0    0    0  -47 
 -80  101    0  107    0    0 -101   36  126 -116 -101    9    0    0    0  127 
  84    0   -2   64  -46    0  -41    0   76    0    0  -84    0    0  115   41 
 -10  -61  -90  -96    0    0   29    0  105  -35   71 -108  -78  -47   74    0 
 -40    0    0   41    0  -70  -33   15    0  -42 -109    0  -63    0   89   42 
   0    0    0   84    0  105  -89   46    0   -5    0   31    0    0    0    0 
   0    0  -33    6    0   -9   -9  125    0   29  -56    0   85    0  -56   46 
-101  -70 -126  -57   38    0    0  -24    0  123    7    0  -89    0   56  -51 
 -32    0  111   70  -76    0  -11  -64  -74   36    0  -94    0    0    0  -81 
 -90 -106  -61  -92  107  -29    0   58   55    0  -11 -115   15    0  -93   83 
 -53    0  -96   12  106  -46  -37   26    0  -35 -122  -16   43  -37    0  -14 
   0 -128  -45   90    0 -125  -25  -66  122    0  -65   26   16    0    0 -113 
  68   25   29    0    0  -79    0  118    0 -124  -15  -35    0    0   26    0 
   0    0   45   18   33    0    0   60 -101   88   11   69    5   21   89    0 
  40  -82  -89    0    0    0    0  -18    0    0    0  -68   58  102    0  101 
   0    0    0    0   89    0  -64   90  112    0  -58   -9  108    0   78   -7 
   0  114 -108   -6   17    0 -119    0    0    0    0  109    0    0   83  -24 
 106 -108    0    0   76  -34    0    0  -37    0  102    0    0   19  -94    0 
 -62   96  -80    0   34   90 -101   26    0 -127   87    0    0    0   71    0 
   0    0    0  -48   61    0  -84 -109   62   86    9    0    0 -108  -58  -88 
   0    0   62  -58    0   -9  120  -33  124    0   79    3  -19   70  -95  -54 
  24    4  127  -53   97  -96   55    0    0  123    0    0  -18 -126  116   62 
 -25  127  -43 -106  -80 -122  -71   75  -94    0   93   47   84   46    0  -43 
 124 -126   73   46   32    0    0    0    0 -127    0   95    0    0  -38   17 
   0    0  119  112 -109    0    0    0   28    0  -85   46  -80   88    0   61 
 -27  -83  -31    0  -11    0    0  -78 -120    0    0    0   -7   25    0 -115 
 -80   30    0  -70   92 -113    0    0    0   24 -106  106  -39   77   32   53 
 -80    0 -112    0    0  106   64  -23   -5   16   47    0    0 -104  -36  110 
  47    0 -124  121    0 -128   80    0    0    0    0    0  -59   90  -27  -70 
 -47  -41   56  -37  -79  124  -93    2  -92   77    0 -114    0 -112  106   20 
  63  -98    0    0    0  -13    0   72  116  109    0    0 -105   83    0  -83 
 -32    0   63 -118    0  -40   78  -64    0   96  -90   21  100    0    0 -116 
   0    0   34  -52   26    0  108   80    0    0    0  -85   19  -89  108  117 
  74 -121   50  -83    0 -114   72   84    0  -14    0    0  117    0   80  110 
 125 -126    0  -78   87    0   92   46    0  -15    0  -70  -25 -104   64   87 
 116  -39  -71  -27 -118   67   96 -126    0    0   24 -116    7    0   43    0 
 -72    0   40    0    0    0   90    1    0    0    0  102  118    0   51   63 
 -19   73    0   63    0   32    0 -101    0   54    0 -128    0   63 -103 -116 
   0    0 -109    0   95  122    0 -128   66    0  -14  -12  -59  -96   21  105 
   7    0   52  -54   30    0   20    0  -69 -122    0    0  -77    0   38    0 
   0   11   85    0  -48 -128  -36    0    0    0  -14   49    0  -30    0    0 
  58   68    0   -9  -71    0    0    0    0    0    0   18  106  -66   74    0 
   0    0    0   31    8  -88  -61    0    0    0  -46  -52  127  -77  114   33 
   3   52    0 -117    0  -84    0   59    0    0    0    0   48   48    2  -35 
 -15   30  102  124    0  -69    0    0   62   91  -78   21  -78    0  -47   11 
   3  -82    0  -58    0    0    0 -114   94    0    0    0   63  -34    0   36 
   0  -82   58    0   67    0    0    0    0    0   47    0 -102    0    0    0 
   0  105   85    0    0    0  -43    0    0  -10    0 -115    0    0  108    0 
   0    0  -78    0   62    0  109  -92  -14   85    0  -90    0  127   16   81 
   0  -72   37   49    0    0 -128  103   16  -79    0  -89   -9   64   18    0 
 -38    0    2  -45  -32  112    0   11   33   93  107   53  102    0    0    0 
 114  -23   -5    0    0  -14  -48   63   14    0   28   83    0    0   -2    0 
 121   64  -69  120  121    0   36    0    0  -54   81    0   53  -91  -28  104 
  57    0    0  -56  -23 -121    0  -46    0   -4   83  100    0    9   85  -67 
  30    0  -80 -117  -21  -78    0    0    0 -106    0   94 -119    0    0    0 
 -30   -5   11   87  -10 -106  -37  108  -32   21   97    0  -82    0    0  103 
   0    0    0    0    0   55  -27   -9  -71    0  -92    0    0   19 -112    0 
  20    0  -92    0 -115  103   74    0   18    0  -62  118  116  123    0   76 
  27  -37  -52    0   84    3    0  -49    0    0 -120  101   17    3   86    0 
   0    0  -16    0    0   25  123  -81   92    0    0   63    0    0    2   34 
 -31    0    0  -17    0    0    0   83  -94  115  -14    0  -66  -20  -17    0 
   0  -59   53    0  -53    0    6  -40 -101  -25  119  107  115    0    0    0 
   0   78    0    0   19   72  -87 -104    0  -31    0    0    0   67  116 -110 
   0    0    0 -101    0    0    0  -37  -90   -6  -27    5  -53   95    0    0 
 122   80  -33  -43    0 -106    0   58  -20  -81    0 -105    0   -4  116 -115 
 -70    0    0    0    7   -7  -72   26   95    0  -41  -17   81   89  -89    0 
   0    0    0  -55   31  -59   23   48    0   85  124   68   14    0    0 -113 
  19  -78 -127    0    0    0    1    0  -26   35   66   -6  -55    0  -21   89 
   0   -3  -59  -27  121    0    0    1  -82    0  -11   56    0   12    0    0 
   0  -50  100  -89   31    0    0    0   39   95    0    0   40    0  100   79 
 106    0  106    0  -87   95    0    0   46    0    0  111    0  -79  -15   19 
   0  -16   87    8   38   48  -54   79  -57 -116    0    0    0    0    0    0 
  95    0    0  -33 -103  -65    7    0 -107   35  -12   39    0   81   32   55 
 -56   54    0 -106    0  -76    0    0  119  -36    0  -36   51    0    0  -65 
 108  -78  113   70  -37 -127    0    0   82  -58  -54    0    0    0  -18 -122 
   0   90  -63    0   77   83    0  122    0  -12 -126  -97    0   24   83    0 
   0  -87   84    0    0  -68    0  -69    0   91  127   72  -85   -1  -35   84 
  32   -9 -108    0  101  -20   49    0    0    0   26   84   30   24  113   99 
   0    0    0    1    0  -16    0    0  -25  126    0   70    0  -62   44   68 
   0    0    0    0    0   63   22    0    4    0  -77  -91    0  119    0    0 
  59 -113  -78    0  -87  -79    0  117  118   11  -45    8 -101  -50    0    0 
-112  -38    0    0  -98   28 -128    0    0   40   39    0   25  -87    0  118 
 -95   -2  -88    0   44    0    0    0    0    0  -95  -43   90    0    5    0 
  61    0    0    0    0  120 -101  -79  -76    0  125  -68 -103   64 -106    7 
  -2    9    0   71    0   11    0  -36  -34    0 -111    0  -27   55   72   62 
   0   67    8  -70    0  -52   18  -68    0  121    0    0   28    0    0    0 
   0 -121  -62  -97  -37    0   62  -88  -97  -42   39    0    0    0    0   76 
 -18  -15   -7    0  110  -56    0    0  -40    0    0   61  -47  -83   32   27 
   0    0   48    0   76  -28   59   16   -9  -41    0    0    0  -15 -117    0 
   0  112   33    0  -62  -79   67 -121  -95  -39  104    0   91   61   76    0 
 -42    0   30  -64  -89  -81 -118  -87   81    0    0   90    0  -55    0   51 
   0    0   82    0   57  -49  -27  -38 -111  -80    0   56   36   45    0    0 
   0    0 -118  -57    0    0    0   97   84 -116   60    0 -115    7    0    0 
  51   32   81    0  -34  -85    0    0    0    0  126    0   36   81  -71 -109 
   0    0    0  -45   -8 -101  108  108  -94    0    0   70   48    0   37 -116 
 -64    0  -70    0    0   70  113  -26  -73 -116    0    7    0   87  123    0 
   0    0   52 -127   83    0  -48  -59 -114  -95    0  -85    0    0  -14    0 
 -78   96    0   51    9  -10 -118    0    0    0   59  -66   41   83   93    0 
   0   46   -9    0   28  124    0  127    0  112    2    0  -16  -68   91    0 
  25    0  114    0   63    0   18    0   79    0    3    0    0 -105    0   71 
   0   79  -34 -104   43  -11    0    0  -65    3   14    0  -18   68    0  -73 
   0    0 -112  -11  109 -128   18 -118   43   65    0    0    0    0    0  103 
 105  -37   87  108    0    0 -128    0   36    0 -105 -107    0    0   97    0 
-111  -86   14   42    0    0  -24   25    0   45   62   91    0  -64   55  -43 
 -52    0 -122  -40   97    0  -59  115    2  -76  -67  -43   -7   72    0   77 
   0    0    0   66  -36    0  114    4  -87    0  102 -121   99   67    0    0 
   0    0 -108  127    1  -44  -35  -71  -27   77  -69 -105    0    0   38  -81 
   0    0   67   10    0   35    0    0  -48    0   45   76  -28   60  123  -52 
   0  -41    0  -92   13  122  -66  120    0    0    0   17    0    0  110    0 
   0    7    0    0   -1    0   11   65  -56  -95  -30  -87   24   42   94   21 
   0 -106    0    0  -98    0  -46   93    0  102   81   63   59  -67    0   56 
   0    0   63    0 -108  -51  127  -21   75    0  -40  -90 -111   87 -125   67 
   0 -115  -36  -55   81    0  -13 -119    0    0    0  -48  -60    0   88   94 
 -14   45  -46   -7  -34   48  -51   76   93    0   21    0    0    0  -22   31 
   0  -69  -33  -82    0  -98   -6  121  -85    0    0   34   33  -59  -70  -42 
 100    0    0 -106    0  -21    0    0   69  124   77   43  -25  -42    0  126 
   0    0  119    0   15   24  117    0    0  -57    0    0   24    0  -78   52 
  18   98    0  -20    0    8   20  -47   18  122    0 -104   42  -37   44   80 
   0  -74  -67 -122  -30   40   83    0   79    0    0    0  -21  -35   16    0 
 -30   14  -87  103 -118  -32    0   -1    0   63    0 -121    0   12    0  -15 
   0    0    0    0   19    0  -22   33    0    0   -7   -9  110  -58  -86    0 
  93  -67    0   92   35  -91  -46  103  -22   35   80    0 -101    0    0  107 
 -69    0   73    0    0   68  -57    0  -30 -112  -21 -106  -23   64    0    0 
  19    0    6  -46   88    0  -10    0   12    0  -12    0  101    0   57    9 
   0   38   35  -19   45  -68    0    0  -29   62   87  -40  -90    0  109   70 
   0   28  109 -109  -44    0    0  122    0  -73  118 -123  -28  104  121   98 
   0  104    0 -100   80   55    3  -54  -89  -18  -23  -29   27  120    0   53 
 101    0    0  -79    0    0  -38  -98    0    0    0  -19   54 -117  -89  -50 
 -40   23    0   52    0    0  -10 -110  -26  -39    0    0    0    0    0    4 
  27    0   40    0    0  -41    0  -10   61   65 -107    0    0   -2    0   11 
   0  -14   41 -100    0    0   -7  108    0    0   43  -87    0  103   52   28 
 -25  -76  -14 -102  -25    0  -45   84   15    0  116   74  -29   56    7  -45 
   0 -101    0   35  -92   47    0  -36   67   36   42 -122   85   39   70    0 
   0   19  -61   21  -59   83   10   31  -82    0    9    0  -87    0    0   19 
   0    0 -111    0    0    0  -18    0 -122  -26    0    0    0  -49  110    0 
  15    0    0    0    0   14    0   99   47   40   22  122    0    0   33  -88 
   0  -53  -20    0   -8  -38    0   89   -6  102    0   27    0   43    0  -16 
   0    0    0   76  110 -112  106    0    0 -127    0    0  -96   80 -103  115 
 -32    0    0   81    7    0   34    0  -11  -20  -17    0  -77    0   26 -104 
  22   62    0   34    0  -77   94    0    0    0    0    0  -11    0    0    0 
 -45  -40   -4    0  -62   47   49    0 -119  125    0    0  -78    0    0   62 
 -54    0    0    0  -75 -104    0   51  -11  -79    0    0   64    6    0    7 
   0   78    0    0   49    0  -83    0    0  126  -29    0    0   54    0   43 
  42   -9    0  -71  -60    0  110    0    0    7    0   57   13  112  -63    0 
   0  -51    0    0   62   81   -6    3   37    0   37   94    0    0  -60  -93 
 117    0  -89    0  -28 -101 -124  116    0    0    7    0  -26    0    0   43 
  18    0  125  -79 -112  100  -50  -15    0    0    0   20   37  -86   83    0 
  72    0    0  127   39  -89   56    0    0   62    0   67   72    0  -32    0 
   0  -32  -73    0    0  -96    0    0    0  -42    7 -107    0  -50    1   64 
-123   -6   13  -37    9  -75    0    0  122  -91    0  -86  122  -14   -8    0 
   0  -89    0   13 -115  -22  -78  -27   -3   15  -28 -114    0  -32    0    0 
   0    0  -57  -50  114   92   40    0   66    0   51  -79    0    0 -127  -42 
 -59   -1  -66    0    0    0    0   29   97  -81 -123  126    0    0    0 -104 
   0  -38    0    0   51   78    0  -65    0    0    0  -64   17   -6   42    0 
   0  120   42    0    0  -19 -103  118    0    0    0    0   92    0  -82   69 
 -92    0  107  -13  -86    0    0   -5   36  -41    0    0 -119  -61   92  -67 
   0  126  -41    0    0    0  -54   55   35   68  113  -14   66   80  119 -109 
  41  119  -46   64   32    0    0   37   -5   34    0    4   85  -67    0   24 
  33    0    0   -2   99    0  102   49    0  -51  -62    0  -14   83    0  -12 
   2    0    0  -23  -37    0    0  -62    0   85    0    0  -42    0    0   85 
  26   79   45    0    0    0    0    0    0    0  104    0   20   93    2  -49 
   0   21    0  110    0   20    0    0   74    0   49  125 -112    2   17   90 
   0    0   35  112 -106  120  -72    0    0   -2  -73  -57   78 -122    0 -122 
   0   59    0 -126    0  -54    0 -111    0 -109   47   96  -51   38    0    0 
   0  -27    0    0  -39    0    0   -3    0   13   98  -85   57  -81    0   12 
   0   36  102    0    0    0   56    0   20 -100  -46  -84    0  -56    0  -53 
   0    0    0    0   79    0   47  -16   88  -14 -111  -28    0   20    0  -84 
   0 -106  -98   40    0    0  -36    0    0  -48  -42 -126    0   50  -60   24 
 -59    0  109  105   18    0    0   69   65   80    0    0  107   -9   -1    0 
   0   39    0  127   40   75   98  -13 -111  -57  -69    0   40    0    0    0 
 -77    0  121  -25  111  -72    0 -120    0    0  -48  -23   40   62    0    0 
  -3  -22    0 -118    0   88  119    0  -84    2    0    0  -46  -57 -104  -19 
  58    0 -125  -18   52    0   93  -12  -33  -81  -95  -56    0   62    8    7 
 -77    0    0  -49    4   92   66    0   74    0   53   38   59 -122    0    0 
   0    0  -71  -71  -71   -3   62  -57   69    0  107    0 -122    0  -77  -83 
 101    0   20  -89   -2  -46    0  -20   64 -102   12   83    0  -16 -103   49 
   0    4  -47    0    0  -38   22   29    0 -111  -78    0   43    0    0   25 
   0    0    0  -55    0   54   -4  114  116  -51    0    0    0  -31  -47  -67 
-115    0    0    0  -94    8 -113    0   85 -109   54    0   13  -32    0    0 
   0   85    0    0  127   16  -73  125   86   10   33    0   65    0  112    0 
   0    0    0   40    0    0   59  112  -83    0    0   -6    0  -17  -20 -112 
-126   28    0  -68  -82    0  -67  116  -60    0  -27   16  -24   56    0    0 
 -32   90  -30    0   32    0   -3    0    0    0    0  -23    0   40  -88   50 
  54 -119    0    0   70 -113  -58   -2   84    0    0    0  -96    0    0    9 
 -37   68   98   -5  -23    0  -99  -19  -69    0    0 -100   35    0    0    0 
-110    0  -51  -16   17   56    0   11    0  -64   31    0  -64   58 -112  -74 
-108 -112   84  124   57    0  -53    0   37   46    0    0  -38   34    0    0 
   0    0    0 -110   14    0    0 -122   62    0   93   45  -26  -73  -53    0 
  46   84 -104 -114  -24  -94   35    0    0   69    0  -78    0  119 -119   27 
 -36    0   -5  -63   36    0  -21   11 -108  -37   52  109    0   38    0   83 
  18  -12    0  -71 -115    0  -37  -36    0    0    0  -83    0  112    0  -63 
  29    0    0   -2  -14   18   15    0   36   -1   64  -35   71 -123    0    0 
 -40 -119   96    0   33  -92   89  -15    0   13    0    0  -32   78    0  -18 
 113  -57   15   30  -98   95 -104    0  111    0    0   70    0    0    0    0 
   0  -55  -14   22  -64  -95    0   65    0    0    4   28  -30    0  -82  -94 
  67    0  -46    0    0    8  -10  -32    0    0   60    0    0    0    0  117 
  39    0   50  -36   -3  -53  -85   50    0    0  -94  -12   77  -91    0    0 
  33 -126  -97    0   47  -63    0   35    0    0    0  -23    0   64   99    0 
 -17   -2   91    0    0   78  -43  125   21   30    4    0  -88  -66    0 -111 
   0  111    0    0    0    0    0 -105   -2  101  -99   18   73   91  -90   43 
 -92   42   33    0    0  -13    0    0   -5   25  -16  -67 -102    0    0  121 
   0    0  -96    0  115   -1  115  -98    0    0    0    0    0   39  -28    0 
   0   76   87 -124 -105 -126    0    9    0  -27   28  -28   -9    0    0    0 
 -44  -28    0    0 -104    0    1   -9    0   -7    0    0    0  -32  -23   69 
-113    0    0    0   57   10    0   14    0    0    0   49    0   94  -12    0 
   0    0   69  -90    0   60    0  -45   40   79   58  -50  122    0    0  -33 
  47    0  -87   97    0  -12    0  114    0    0  123   62    0    0    0   -9 
   0   -3    0    0    7 -126  -47  -80    0  111    0   35   74   -3  -11    0 
   3    0   97  -37   30 -123    0    0    0   64  -57    0   76    0    0   86 
 -16  -21    0    0    0    0  -46    0    0   48  -61    0    0    0    0   69 
  -4   32   23   53  109  -23    0   61   61  124   75    0  -19   23    0 -101 
   0  -39  -64  100    0  -38    0  -86    0  -77   61    0    0    2  -84    0 
  21  120  -28    0   34    0   32   35    0    0   88    9   35    0  103    0 
   0    0    0  -56  125    0   23  127   51    0   27    0    0    0    0    0 
-113  -92    0  108   24  -22    0  -17  100    0   99    0   82    0    0  -20 
  90  -59  -99    0   -6    0    0    0  108  104 -111  -25  -45  -42    0    0 
  34    0   12    0    0  -37   94    0  -68    0    0  113  118    5  120    0 
   0    0    0 -120  -16  -76   65  105   74   34  -79    0    0 -119   96 -113 
   0    0    0 -104   20   55    0   28   61 -105    0   82 -103   43    0    0 
-108  -49  -99  -27   28    0    0 -112    0  -13  -10   81    0  127    0  124 
  56   43  -82    0    0  -28    0   -7    0  -88    0  110    0  124    0  -87 
 -60    0   32  -50 -105 -102    0    0  -57    5    0   22   -5  -55  111    0 
   0    0    0    0  -54   48    0   35   91   92   62  113   96   81    0  -40 
   0   16  -32   35    0    0  104    0    0  -66   37    0  121    0   31  -88 
  82    0    0 -122    0   91    0  107   11   58  123   -4    0    9   36  -36 
  31    0   95   57    0  -10  -42    0  -57   65    0   79    0    0    0    0 
-127    0  -77   36    0   23    0  -15   37   96   37  -68   44    0    0    0 
  78   33  -99    0  -82   46  -77    0   21   49  -62  -34   23 -113    0   43 
 -54 -119  -18  103  -26 -114  -55   52  -99    8    0  -11  -31    0 -122 -128 
-104   40   48    0   28    3    0    0  -60   -3    0  100 -122   76   53  -27 
   0   41    0   62  122 -127   -7   33    0  111    0    0  101 -102  -30  121 
   0  105    0  -97    0  -27    0  127    0    0 -119   69   37   42  -83    0 
   0    0   71  -27    0   -2    0    0    0    0 -127  125 -104  118 -116  103 
  73    0    0  -41  -62  119    0   45  -91  -83  -51    0    0    0  -54  -16 
 100   -9 -128   78   19    0  -73    0  -12    0    0  102    0    0  -65  -38 
  76  -88    5   17    0  -30    0    0    0   71   82  -92    0 -113  -64    0 
 -41    0   74    0    2    0  -40  -30  -93  -77    0   63  -70  108    0    0 
   0    0    0  113    0  -58  -54  -28    0  -26  -52 -114   98   43   47   26 
  96    0  -21    0  108    0   50    0  -51 -103  -27  -78  -57    0    0    0 
  -5  -16    0  -49  -70 -127   67  -62   44    0   87  -32    0  -10    0  121 
 -86  120  -45  -30  -58  101    0   42  -70   33 -109    0  -78    0  125   12 
 -32  -23    0    0  116  -80    0    0    0    0    0    0  -38    0   30    0 
 -87    0    0 -127    0    0 -126    0    0  113   22  -52   82    0  127    0 
   0 -117  -15    0    0    7    0    2  -36  -24    0    0  -40    0   60    0 
   0    0    0  -86    0    0    0  -66   -4    0  -16   76  -11  119    0    0 
  21    0 -116 -115  -66 -108    0 -125  -42   90 -118   -4  -14    0    0    1 
   0  -33    0    0   16    0    0    0   23 -118    0  -62   57    0    0   76 
 -72   13  -33    3    0   74    0  -26   75    0  -30  -75    0  -68    0    0 
 -35    0    0   69    0   73   71   55    0  -94  124    0    0  -61   31    0 
  60    0 -117  -19   77   61  113    0   60    0    0    0   13 -109  -69  124 
   0    0  -21  -61    0    0   18  -25    7  -81 -106   32    7  124  -74   24 
 -77  -94   57    0    0   47  -36    0    0    0  -27  -26  118    0  -93   20 
  91 -108  -19   53    0   36    0  -13   14  -95   15   88    0   74    0    0 
   0  -40  -13    0  -56  -27 -116    4  -10  -27  -12    0 -113   81  124  -85 
   0  -13   83   -2    0    2    0    0   66   37    0    0  -42   87    0  -61 
   0  -78  -81    0   30    0  -74  -98   56    4    0  -62    0   89    0 -113 
   0   28    0   49  -78    0    0   68  -40    0  -48  104   55   40 -108  118 
 -53    0    0    0    0  106   26  -24  -61    0    0    0    0  -51    0 -125 
 -45    0   67    0    2   34 -112    0  109   93  127   86  -73    0   16  -69 
  26 -120   77    0    0    0   59    0    0   -5   52  -55   -3  -88    0  -69 
   0    0  -61   56  -31    0  -68  -36   -5    0 -106 -107  -30   27  -79 -128 
   0    0   50    0  101  -19 -110    0    0 -101   59  113   21  -96    0    0 
  58 -128 -109  -11   53   86  -37  -46   44  105    0   36  -47    0    0  -30 
  31   80   48  -80  101  126  106    0    0    0 -119    0    2 -127    0  106 
   0    0    0   42  -10    0    0   68    0 -109  -78    0  123    0  -40   26 
-120    0   45  -98  -40   29   88 -101  -49  -68  -80  -42  108   79   33    0 
   0  -35  -55  -44  -36   74    0   89  -89    0   81  -99    0    7    0 -105 
   0    0   28  -82   36    0  -30  -75    0  -41 -120    0    0   27   48  112 
 -82    0    0    0  -74    0   26  -57  107  102  -90  -74   -4  -54  -85  -33 
  -9    0  120    0  123   21  -20   82    0  -63    0    0  -64   63    0    0 
-128  -45  -61   48    0    0   97    0   74   -8 -101    0  -26   -2 -111   10 
   0   90   85   47    0   65    1    0    0  -40  -62 -115  -53   28  -26   30 
   0  -10  -70   37    0 -121   -1 -105    0   78 -115  -69    0   18    0    0 
 -53   20    0   55   13 -114  -84    0  -91   37    0    3    0  -37  -36    0 
   0    0   10    0   85    0  107  -56 -112    0  -54  -21    0   46  -33   82 
  51    0    0  -16  -83  -50  -86    0   29   40    0    0    0   25    0   52 
  59    0  -89    0  -65 -105  -36    0  -96    0  -35  -39   31   22    0    0 
  72  101    0  -55 -121    0  101    0    0   57   62 -121    0    0  -13 -127 
   0  -72    0    0   38    0  -36   96    0   25   69    0    0    0    0    0 
   7    0   60   20   71  118 -116    0    0  -82   -8  123  -76    0  127    0 
   0   48   -9  -46    0 -105 -104   44  -73   65    5    0  -25    0    0  -34 
   0    0  -90   80    0    0    0    0  -72   23    0    0  -45  -33  -53  127 
 -47  122   15 -106    0  -99    0  -69    0  -24    0  -55    0    0  -85    0 
   0   -8    0  120    0  -12    0    4    0   40    0    0  119  -56    0   29 
   0    7  -85   60   15  108    0   94    0    0   84    0    0  -86   14   65 
  10  -63   58  -54    0  -79 -109    0    0    0  102   68  -16    0   74    0 
  11   17   51    0    0  125  -50  120 -110    0   76    0   -6   94    0   61 
 -30   96    0    0    0  -31  -44   58   29   53  -91    0    0    0    0  -28 
-118   32    0  -22   72    0    0    0   -5   39   82  -64   53    0   86    0 
 -66  -85  114   91    6   75  -83   22    0  -43  -88  -90    0   34  -66  -35 
   0 -128   12    0   -2    8    0  -93    0  -37    0    1    0   16  111   21 
  -2    0  -58  -33    0   61   98 -114  -16 -119  105  -38  -70    0    0   73 
 -25  -18    0 -106  116   82    0  126    0    0    0    0  117    0    0  -28 
 -36   15   81 -107  -18    0  -50  -65  -43   12    0 -109    0  -70  -76    0 
  37   62   77  118  -56    0  -56    0   45  -52 -128    0  -67 -101  102   25 
 -67    0  -30  -78    0    0   45    0  -43    0   31   84    0    0  113    0 
   0    0   -3  -29  112  -81   -1   49  120   69    0    0   77    0    0  122 
  30  -65    0  -61  101    0  -61  -12    0  125  121   -6   19    0    0   93 
   8    0    0    0   45   -8   18  -94   28  -54  -18    0  -58  -21    0   90 
   9    0   32    0  -38    0  -50  -43   -4   81  -54    0   44    0   14   94 
   0    0   39 -123   97   38   61    0  -86  100    0  121    0  101   64  -33 
 -53  -67   12    0   -4  123    0   12    0 -111    0    0    0  -89   42  -53 
   0   39    0  -21    0  -37    0   82   12  -37   74  -15    0   30  -75    0 
  94    0   32  -10   12   99   54   11 -116  106    0    0    0    0    0  118 
-115   60    0  -87 -111   28 -119    0   79  118  -38   10    0    0  -45   63 
 -97    0    0   22    0    0    0   50   30    0    0  -82   48   22  -11   76 
   0  105   19  -59   85  -70    0   30  -97    0  121    0   13   71  -64    0 
 103    0   74    0  -71   35    0    0    0   38 -116    0    9    2    0 -125 
-121 -107    0  -28    0    0  -44  -48   84    0   21   -7   42    0    0  -85 
-128 -111    0  -89    0  114  -35  112  -36  -33  -14  124  120    0  -97    0 
   0    0    0    4 -109    0  107    0   15   53    0   91    0    0    0  -16 
 123  -53   52   24    0    0    0    0  -16   62    0  -14    0    0   45    0 
-125  -25    0    0  105  121    0    0    0  -73  -37    0  -95 -125    0   55 
  82  -34    0   34 -121    0  -55   83    0  -57    0  -44    0  -93  -24  112 
 123    0    1  -33   19   28  -68 -122  102  -36    0  -97 -124    0    0    0 
 -27    0  -86    0    0  -32  -50  112   94   94 -111  -32    0    5  109  -64 
   0   70   11    0  -92    0   -6 -101    0    0    0 -128  -97    0   91   72 
   0   49   52   81  115    6   19   51    0  118   89   57  -75    0   99   98 
   0    0    0 -113    0  -13   -2   15  -60  104  -48    0 -108    0  -83   -7 
  32    0  -20  -68    0 -127 -100  -95   59  110    0    0    0   72  -64    0 
   0    0  117 -115  -94    0    0  -67   -1    0    0  110    0  -59  125  122 
-112   -4    0   62    0 -127    0    0   22   79  -48  -49   12  -43   43    0 
 -14 -109    0    0 -115   58    0  122    0    0    0    0    0  -87  -72    0 
 -99    2 -117  -10   32   10   17   82    0  -13    0  105    0   -4 -106    0 
  93  116  111    0    9  107    0  115    0    0  -22 -120   90  -60    0    0 
 -90    0   93    0    0  -70    0    0 -128  -79  -85 -109    0  107  -75    0 
   0 -122   -8   77    0    0    0  -29    0   84  -41  -66  -72  -91    0    0 
   0   23  -75    0  -11    0  -36    9   10   88  -75   10  -59  120   -2    0 
 -10  -77  -40   66    0    0 -119  -55    0  -65    0    0  -69   97  123    0 
-114    0    0    0  -20  118  -44    0  -66   40   49    0    0    0    0    0 
   0    0    0   -6    0   22    0   97    0  103    0    0   19  -93   25    9 
   0  122   56  123 -117  -52 -102  -75    0    0   41   44  -52    0   45 -106 
   0    0    0    0    0    0    0   22  -32    0  -24  106    0   15 -115   79 
 -28 -109    0  -47  106   -6  -13    0   35 -120 -118  124  119   57  -45    0 
