   0  -78  -18 -125  103   74    0    0 -110  -30    0    0  -93    0 -114   60 
 104    0    0    0   91    0  -20    0  -28    0    0    1  -36  -93    0   39 
   0  -50 -105   75   73  -74  -65    0    0   80  -74   29    0  -35  -22  -96 
-109    0    0  113    0   76   47  110 -113   67  -90    0   70    0    0    0 
  -5  -11    0    0 -121   68  -26    0    0 -114    0    0    0    0    0   96 
  94  -66    0   56    0    0  -24    0    0    0  -78  -88    0   76   -2  -11 
 -14 -115 -118   49    3  111    0    0 -110  -45    0    0   81   35  -22   80 
  76   74  -70  113 -127    0   -5   97  -86  -75    0  123  -59   94  -91  -44 
 112  -70   49   20  -97   59    0    0  -69   -5    0    0   45  125  -97    0 
  27  113    0   81    0   43   51  111  -56    0    0   64  -15    0    0    0 
 -38 -112  -19  106   82    0  -32  -69   45  -65    0    0    0  106   71   53 
   3  -62    0   76  -52   25    0    0   65  -67    0  -55    0   10 -103    0 
   0  -18   83   78   29   81  108    0   35   13 -105  -61   -8   81 -113   11 
   0   -3    0    0  -63  -98   21    0   15    0    0  -95  -65    1   59   76 
 -76    0    0   20   67    7  -90   57   61    0  122  -68  -17   50    0   24 
-118    0    0    0    0    0  -26  -20 -128  108    0 -105  111  -16    0   67 
  70   -2    0    9 -119   50   19 -125    0  -92  -51    0    0   10  -45 -110 
   0    0   72    0  -39   46    0  106    5   43    0   84 -127  -91    0    7 
   0  -33    0    0 -103    0   -4    0 -122  -90   37 -115  -72    0    0    8 
 -33  -24    1    0  -62    0    0    0   20    0    0  -46   91    0 -108  -91 
-126  111   51  -59   81  -45    0 -106   18    0   81   20 -101  122    0    0 
   0    0  -97    0   38    0    0   22 -120   66    0    0  116    0    0  117 
   0   31 -111 -111   44   63   23    0    0   69  -15  -28    0 -128  107  100 
-104   26 -117  122    0  -81  -99    0 -105    0  -49   15    0    0    0   78 
   0    0  -66   78    0    0    0   44   57   76  124   72   59  -71    0    0 
 -25    0  -35  -34    0    0    0  118  100   58    7    0  -23 -112  -13    0 
  51    0   96   91 -104 -112   70  -48    0    0   23  -96   73 -121   52    0 
 -18  112 -111    0  -34  115   68   22   33   54   34   98    0  -34   87    0 
   0  -66    0   78    0   72   31    0  -63  117  -70    0    0   93   35   78 
   0  106   66    0   68    0    6   -1  -11  -93   14   86  105    0   84   -2 
  30    0    0   13 -122   34  -42    0  -88    0  -48  -51    0  -36   39    0 
 -85    0    0    0    0  116    0    0  -43   17   92    0 -108 -122 -128  -24 
 -39   71   71    0   85   37    0  123    0   96   37  -23    0   82  -53 -110 
   0    0  -27  -42    0   85    0   17  -47    0  122    0    0 -128  114  -12 
 -75  -47    0    0    0   53  101  -17    0    0   91 -118    0  -39    0    0 
 -42   -2    0  -38   93    0    0   37    0   17   77    0    0    0    0   -6 
  35  -34   48  114    0  -63  103    0   88   95    0    0  120   86    0  127 
  53   56    0   41 -115    0    0   81   99    0 -123    0    0   13    0   75 
  23    0  -96   74    0   70  117  -18    0  -79    0    0  -58   20    0   35 
   6   74    0  -52   74  -40    0  -23   39    0   29    0    0    0    0    0 
  90   61    0 -120    0    0    0   -9 -122    0   46    0    0   64    0  -97 
   0    0    0  107  -80  -81  -22    0    6 -125  -32  121   -5  107    0  -41 
 -59    0    0  -10  -52   24    0  -56    0    0   93  -42    0    0   53    0 
 -98   39  117  -16    0 -107    0    0  -32  -38   37  -64  -53   52    0    0 
  46  -33  -89    0    0  -85   11  -59   27    0    0    0    0    0    0    0 
 104  -28    0    0    0  -83    0  -66 -116  -72   59  120  -76    0  -91  108 
   0  -22   37  -66    0    0    0  -51    0    0   78    0   69   81  -82  -98 
 -68  -87  -80  -84    0  111    0    0    0    0  100  -21   97    0   -7    0 
 -37   46    0 -107   43    0    0   18  113    0  -84 -117  108    0    0  -88 
  97    0  109  -30  -50  -22    0  -98  -91    0   48 -125    0    0  -84    0 
 -65   44   12  -49    6    0   -8   24 -113  109   35    0    0   54    0    0 
  99    0    0 -113  -64  -73   35    0    0    0    8    0  -56  101  125   10 
   0    0    0   72  -78    0    0  -98 -111  -59    3   26    0    0    0   88 
 -91  -77   -2   86  -75   64   95    0    0    0    0    0    7   71  -47  -96 
 -64    0    0    0   65  103  -53 -123  -26   77   34   12   65    0  -60  -59 
  90  101 -125    0 -111 -117    0  -46    0    0    9   72    0  123   37   76 
 119   17    6  -15   81   60  116    0 -118  -25  -58    0  -82    0    0  -59 
   6  -82    0    0  103    0    0    0   87  -31    0 -118  -91   76   35  -60 
 -14  105    0    0  101    0    0    0    0   -5    0    0    0   79   -8   97 
   0    6    0    0    0 -117   57   59  -19  102   53  114    0    0    2 -124 
-128    0   -6    0   88  111  -22   10   94   61    0  106  -66   19  -70    0 
 -34    0    0    0    0   69  -15    0  -39    0    0    0   27    0  -93   67 
   0    0  -10   96  -79   26    0    0  115  -61 -117  -97  -54    0  -66   42 
   0 -108   49    0  -31   77    0    0    0   32    0 -112   31   91  -95    0 
 -76    0    0    0   74  -19    0   88  -18  -35  -99 -122   83  -21    0    0 
   0   63    0  -92    0   80 -124   98    1   57  -59   77   22 -100   20   65 
  82 -108    0  -98    0   56    0  -76    0   48    0    0  -96  -93   48 -126 
   0   34  -48   64   41    0  -40   -7   95  -20  -54  -27   72    0   39 -126 
   0  -90    0    0    0  -70   40    0   -2  113 -111    0   67    0    0    0 
   0    0    0    0  -68  -70 -121   81  -46  -38    0   71    0  -19    0   25 
   0  -99   80  -87  -88    0    0  -51 -111    0    0   79   21  -34   33    0 
   0   -6    0  -80    0    0    0    0   72    0 -116    0  122    0  101    0 
   0    0  114    0  -42    0    0   59    0  -14    0    9   87   -2    0   37 
   0    0  -91  -35    0  113    0   86  -20  -63    0    0   53    0   46   30 
  59   -2 -122   69   21   57    0    0   64  -29 -116   -2   28 -107    0    0 
 -68   22 -115    0 -100    0    0    0   21   63 -125 -124   91  -72   76    0 
   7    6    0   80   -8    0  -81   13  107  101    0   55    0  118 -108   78 
   0  117    0    0   35    0    0  127   48   70    0    0    0    0 -111  -93 
   0  -14  -48    0    0   89    0   -9    0  -23   82    0    0  125  -80   82 
 -99    0  -98 -115  -28    0   41  -94    0  123    0    0    0  -78   32 -115 
 -28   40  -88   62  -90    0    8   65  -52    0  117    0    0    0    3    0 
   0 -110    0   55   83  -63  -10   71    0  -16    0 -126  -83  -87    0   88 
 111  -66    0   36    0  -71    0    0  -51   88    0   33    0    0  -74   77 
   0   82  -19    7  -68    0   24    0    0    0   26    0  -63  -85  105   38 
 -55    0    0    0  -27  120  -17  -47 -103   93  -70  126 -106  -60  -56    0 
  67    0  115  107    0 -100   -3   54   96   34    0    0  -45   65 -103    0 
  83   57    0   13   10   49  -10   46  -86  -66    0  118    0  -39    0    0 
 100   33    0    4  -90 -104    0    0    0   34   71   51   21  -93   -1    0 
  74  -42  -11  -30    0  -95  121 -110    0 -101    0    0  -62 -114   74    0 
   0    0  -60    0    0  109   39    0    0   14  -81  -19  -85 -110   37    0 
-118    0   90    0   68 -115   33    0  -87    0    9  -70   66   78    0    0 
   0    5    0   75    0  -92    0  -94    0   -7   80  -11  104  -56    0  -69 
  17 -103   84  -17    0    0 -102  106   30  124    0  -64 -115    0   50  -67 
 -88    0 -104   37    0   45   84    0    0  106    0   90    0  123 -114 -123 
 -12    0    0    0    0    0    0   80  -38  123    0   39   -7   -6  -42  -72 
 -59  109    0    0   81  -55  -29    0  -30    3  -20   69   91   66   -2  -99 
 -56    0 -122    0    0   32  -17   45   74    0    0  -18  -38  -51    6  -95 
   0  -15   76  111    0    0    0  125  102 -112    0   70    0  -73    0 -120 
  -6    0 -126    0  -81    0   50    0  -60    2   12   68    0 -108    0   59 
 -14  -70   37 -123    9    0 -126    0 -102  -89   32   41    0   43  -50   53 
   0  -36   54   28  -91    0  115  116  -81  123  -65    0  -72    0    0  -54 
-103  -38   22   91    0  116  -20    0    7   -2    0  -74  -40  -22    0   93 
  98    0  112   60   24 -108    0  -44    0  -37 -126  -87   79   72    9  -45 
-108    0    7  116    0    0   80   70    0    0    0    0   62    0    0    0 
 -87  -48  -29  115  121 -102  115 -111    0   91   82   43   -7    0    0   16 
  67    0  -31 -116    0    8  -64    0  -41    0  -84    0    0    0    0    0 
   0    0 -104   65    0    0  -25  -55 -122  126    0  113    0    0    0    0 
-102   22  121    0    0    0 -124   -4  100    0  -40  -81  -90  -22    0  -23 
 104  118    0   15   71    0    0   74   33   54    0    0    0    0   -8  -16 
 -44  -40   60   18  -57    0    0   86    0  -27  121   91    0  103   75    0 
 -95  -26  -58    0  -27   16  110 -107  -26    0   36    0  -36    0  122   67 
 -36  101    0    0    0   66    0    0  -69   53    0  -65   13    0  -63    0 
   0    0  -56   35   63    0  124  -16    0    0   80  -14  -76  -30    0    0 
-116  -46   67    0  110   23  121    0    0    0  -21    0    0  -96  -36 -119 
  35    0  -51    0    0  -86   75    0    0    0  104   55    0  -56    0   74 
   0  -18    0   97  -93  -87    0  -22  -10    0  -85  -45    0   37    0    0 
   0    0   -1  121   96    0   20   70   86 -107    0    0    6  -78  -12   39 
   0  -87 -115    0   21   75   73    0    0  -93  126   22    0    0    0    0 
  90  -75   -3 -113  -56  -33   -9   79    0  -42    0   79  -29    0  -81   97 
  21  -73  -44   86  106  -55    0    0    0  -42  -86  103    0  -76    0    0 
  17    0  -22  -44    0  118    0   13   90    0    0    0   61  -26  114  -24 
 -20    0   26   10    0    0   54    0 -125 -108  127    0  -57    0    7  -13 
   0    0   70  -22   33    0   75   68  -42   10 -100    0   20    0    0   38 
   2   21 -115   22  -64    0   -1   47   85  -34    0  -96    0  -99    0   -4 
 -19  -27    0    0   22    0    0 -104   -4    0  -21  109    0  -65   19    0 
 -32  122 -112   28   88   60    0  -97   65  -26  120    0   -8  -52  -97   44 
  57   16    0    0    0   22    0 -127   58   13  -88  -51   20    0  -39   26 
   0    0  123  -86 -124    0  -91 -121    0    0  -75 -113  108 -124    0  -91 
 -70    0    0    1   30    0 -100 -126  -50    0    0  -94   55  127  122 -124 
  45 -103  -86    0    0  -20  107    0   25   99    0  107    0    0  -33  111 
   0   83 -118    0    0  -19   21    0  -39  -14  110    0   72    0 -106   -9 
   0  -98   91  -43  105  -51 -104  -97    0    0    0   34   41    0 -117  -17 
 -34    0   22  -61    0   19    0  -12   99   31    0  -85  107    0    0    0 
 -74   57   75    0   43    0  -17   34 -125 -101    0    3   26   41  -59    0 
   0   64   90  -27   -5  -59  -78    0    0  -15  -61   71    0    0  120   -9 
   0  -77  -36    0    0  -21    0   90   78   29 -112    0  -52 -114   46    0 
  73   80  -55    0    0  121  -60    4    0 -119 -106    0   49  125  102   34 
   0  -95   59 -126   62   -7   -5  114   98 -115 -101   16  -10    0    0 -111 
 -12    0  125   70  -99    0 -128   76   48    6   52    0   79   79    8    0 
 -50  -11  124    0    0    8    0    0  -68   21   47 -106    0  -95    0    0 
 -23   69   -9  -77    0    0    0    0  -58   89  -45    0    0  -84   88   22 
   0   -5    0    0  121  -46    7    0  -18  -73  -47    0    0  -66    0  -55 
 -80  122    0   -4 -106  -59    0    0    0  -99    0    0    0  -10  -84   23 
  88    0    0    0    0    0  -85   69   29    0    0  -11   -6    0   23    0 
   0  127    0    0    0  -73  -54    0   -8    0  -31  -95    0  -51   78    0 
 -29 -111 -100   -7    0   76    0    0  -19   73    0   74    0    0    0   52 
  94   57    0  107  112  -89    0   64    0   90    0   15   70    0  -37    0 
   0    0    0   91  -42   77    0   23    0  114   22  101    0 -106  -11  -32 
   0  106   21  -31   90   17  -73    0    0   28    0   56   91 -102  -79  -68 
 124  -18  -63   15  -87  -30   84    0    0    0  -89    8  -13  -56  -40    0 
 -58   -4    0    8  117    0  -39    0    0  -25 -111    8  -75    0  -91    0 
  -3   53    0    0  -57  -97  112   14   56  -99    0  -55    0  -11   76   -7 
 -45 -116    0   66  101 -109    0    0  -45    0   24   -6    0   65  -39  -53 
   0   94    0  -29  -24    0 -118    0 -110  -68    0  -28  -62   26  -66    0 
  78    0   74  107   47    3    0   98    0  -96   39  -12  -88  -22    0  -72 
   0    0   78    0   95  -35  -70   44   80   89    0    8 -115   99  -75    0 
   0   76   16    0  105    0    0    0    0   66    0    0    0  -82    0    0 
  -3    0  -48   24    0    0  103   78  -16    0  -74    0    0    0  -33  108 
   0    0   91 -126   70    0    0    0    0  119   31  -40   44 -103    0    0 
  87    0  -62 -103   78   27    0    0   29    0    0    0  -28  -72    0 -108 
 -19   91 -125  -30   -9    0    0    0  -56   39   94    0   37    0    0    0 
   0 -102    0   53   44    0  -47 -122  -67    0    0    1   -9  -62  -64  -98 
   0    0   24  111 -107    0    0   52  -21    0    0   95  -70 -116   82   40 
 -73 -118  -87  -10   87  -93    0    0    0   31    0    0   48   19   11    0 
  55  -11    0  -86   30 -114    0  -42   75  -37  105    0    4    0    0   -8 
   0   36  -43   51    0  -79  106   84  122   64 -122  111  -98  -78    0  -66 
 -52   57    0    0    0  -13    0  -67  -96  -76    0  -82    0    0    0  -36 
 -32    0  -80    0    0   16 -119    0    0  -22    0   80  -82   86  -47    0 
   0   25  -71  -26   92    0    0  107  -64  127  107   10    0 -112    0   24 
   0    0  -92  -26    0    0    0    0    9    0    0   60   53  -57    0    0 
   8   20  -18    7  116   50 -120  -33 -110  -21    0   84  -68  -48    0    0 
 -68   78    0    0  -56    0  -86  102    0    0   51    0  100   35    0    0 
 -37    0 -117    0   88    7    0   65    9  -91  -19   72    0   48  -25  103 
   0  104 -108  -86  -21    0   94  -27    0  -36 -113    0    0    0 -124  -50 
 -58   15   44   51    0  -53    0 -127   32   43   88   81    0    0   61  124 
 112    0    0    0   68  -74    0  -94  -43  -38    0    0   20    0  -85  -94 
  42   -7  -93  -29    0    0   50    0  -85    0    0  -44  -77    0    0   57 
-109 -100   37    0    0   66  -30    0    0   84    0  127  102  -33  -60    0 
   0    0   67    0  -26    0    0    0    0 -100    0   16  -57    0   63    0 
  28 -122 -118  -75    0    0   60   20  114 -110   50    0    0   74    0   30 
 -46    0    0    0  -79  -67    1  -68    0  -88    0  -29    0   83    6  -13 
 -12    0   -3  106   15   49  114  -79    0  -16 -101    0    0   33   85  -88 
   0  -25   34    0    0  -21   43  -76  -68  127    0    0    0   51  -71 -114 
   5  -91    0 -104    0    0    0  -92    0    0   72   58 -121   68  -42  -17 
   0  -96   55  -52   50    0    0    0    0 -116    0  -40  -62   46    0    0 
   0    0   78    0  -95  -43 -111  -65    0   55    3    0    0    0    0   21 
  43    0    0  -88    0   39 -120  -39    0    0  -74  -98  118   19    0 -104 
  91  -40 -100    0   65  -58   88  -49    0  -57    2  -29  -10 -114    0    0 
  43    0   50  -64   84   76    0  -50   55 -126  -74    0  -53    0    0    0 
  18   95    0   99    0  -58   27  -11    0    0   98    0  123   93    0  -61 
   9  123  101    0    0  -54  125    0  -90   63    0    0   17    0   23    0 
   0  -24    0  -41   48  100  -50    0   65  -34    0 -118    0    0   31    0 
  -9   77  123  -98  127  -88    0  109    0    0   46   99  -58   84  -35    0 
   0    0  -45   46  -69    0  -51   41  -51    0    0  -17    0    0  125    0 
  23    0   57  -21  -72 -107  -81  -92  -68  -81   35   56  106   61 -126    0 
   0  -33 -112    0    0  -92   60   86   43    0  -21    0    0   82    0   -4 
  93  -68  110  106   11    0    0  -84    0 -112    0  -47  -58    0    8  -99 
   0    0  108   70  -42    0  -65  -65    0   25 -122  -57   47   95   88   97 
  88  -63   54   -7    0  -94  109   28   12 -115   43  -22    0    0   55    0 
   0   28    0   58   11    0  -94  -91   55   93    0 -107  -23  -27  -13  -81 
  36  -31 -107  -62    0    0    0    0   80    0  106  -66   68  110    0    0 
   0    0   29 -109   15  -89 -114    0    0    0    0   57  -67    0   66  -76 
   0  -25  -16  118    0 -105  115  -18    0  -16  -50   -6    0  -58    0    0 
  83   42    1 -125   43 -117   21  -15  122    0  -20  -25    0    0   67 -120 
  81   56    0   87   39    0    0    0  -36 -108  -93  -64   59 -111   69    0 
  12  -72   -4    0    4    0  -16    0    0    0    0   20 -103    0  -21 -106 
  54  -38    0  108  115 -122   -4  -79    0  102 -102    0    0 -117    0    0 
   0   -3  -58    0  -44  -75    0   89  127   58   36    0    0  -96   50   15 
  78  102   33    0   95  -59 -108  102    0    0   70    0   12  115  -36  107 
   0  108 -116    0    0    0  -87 -122   48  -10    0    0  -74  127  -14    0 
 -92    0  -62  -52    0    0    0  -81  108 -128    0    0  125 -100  123    0 
   0   40    0    0  -47   45    0   24  -93    0    0    0   56    0   58    0 
 -93  -28   80    0   79  107    0  -93  -56    0    0    0    0  -82   98    0 
 -25  -41    0   28    0    0  127    0  -49   15   15    0    2    0   37   66 
  -3  -95   90    0    0   -3   11    0  -12  -29    0    0    0  -88  -75    0 
   0    0  -70  120   50   -4 -102   -8   67  117   32    0  -48    1   40    0 
   0    0   85    0    0  126    0    0    0   21   72    0   84 -124   53    0 
   0    0    0   13  -36  -87  -29   54  108    0  126    0    0   66  -45    0 
  72    0  -44    0   87    0 -112   17   94   18  -80    0    0 -120    2  -56 
 -14   49  -10    0  117    0    0   55  -28  -83   44    0  -51    0    0    0 
   0    0    0  -49 -108  -48 -108 -116    0  126 -128  -79 -115    0    0  -48 
 -32    0  -37    0    0   48    0  103    0   55   -3    0    0    0    0    0 
   0    0    0  -27    0    0   72  -25   16   10    0    0  -69 -100    0  -74 
 -23 -123  -22   60   19   51    0   13  -21  -37    0  -44  -54  111  119   62 
 -85   24  -57  -16    0  -94  -59    0    0  -83 -126  113   16    2  106   93 
  49   22  -72    0   17   76    0  121    0  -64    0  107   28 -114  -48  -68 
   0    0  -35    0   25    0   95    0    0  -69    0    0  120    0   42    0 
 -75    0    0  -40  -57    0    0    0    0  -31   36    0    0 -105   90   89 
  70    0  -86    0 -120    0    0  -40 -124    0    0  -34    0    0  -30    6 
 -71 -125  -33  123    0    0  -51    0    0    0  -16    0   -8  -57   -1    0 
   0   55  -22    0  -76    0    0    9    0  -76  102    0  -21  -51    0    0 
-101    0   40   70   38  -63  -11    0    0  106   30  103  -76   16    0    0 
  84    0   28    0    0  -38    0    0   61  -44    0    0    2   46    0   92 
   0   72    4    0  -89  -11  -92    0  111    0    0   -7   53    0   46   19 
   0 -111   97    0   16    0   52  116  -24  102    0   12  -47   79  -88    0 
   0  -61    0  118   87 -101  -22   90    0    0  -40 -110   98    0   -7    0 
-119  104    0    0    0 -128   50   98  103    0 -126    0  -15 -103    0    0 
  89  -22   86   36    0  -24 -122    1    0  -52    0    0   76  117  -49   66 
  82   -2   -1  -23   79   55    0   16   -5    0   12    0  -26 -127   68    0 
   0  -43    0  -35   19   -4    0  -16  -97   54   -6   -2   92    0  -49    0 
 -68    0    8    0  -28   -4   50   84  -60    0 -102  -80    0   44    0    0 
 -28    9    0   86   87   18  122    0  -15    0   25    6   94   19  -83    0 
   0  -15   14   70  -11  -25    0    0  -68 -117  -32    0  -10   56  -46    0 
   0    0    0   87  101   40   38    0    0    5    0    0  -82  106  -49    0 
   0    3   95  -59 -103    0   26   93    0  125  -44    0   45   76 -117   12 
-103    0  -82   80    0    0   64   80  -36 -125   65   41   90    0  -36   93 
  54   -9    0   84    0   88  -17    0  -31   80    0  -10  106   -5  -61   -8 
   0   16    0    0   33    0    0   69  -10  -12   85    0   50  -60  -64    0 
 -95  120   38   33    0  102   98    0    0   71    0    0  104  -58  100  -54 
 103    0  -40    0    0   16   27    0   88    0    0    0  -33    0    0   -7 
   8  -45    0   67  115    0  -26  107    0 -123 -113   92    0    0  -16   89 
 -30  -64   77  -46    0    1    0   25    0   -6    0    0  -17  -54  115  -34 
 -77    0    0   44   91  -42  -60    0    0   39  113    0    0   58 -108    0 
   0 -119   55  102    0    0   10  -15   90    0  102    0  -18    0  -73    0 
   0  107   -9   41   58   -4  -57    0  -45   58  -44    0    0    0   41    0 
   0    0   88  -17    0    0    0 -122    0   -5  -47 -105  121    0  -90   96 
  34  -56 -108    0  -15    0  -82    0    0    0   29 -112   85  -63   -4  101 
  84  112   11    0    0   93    0   64    0  -17    0  -32  120  -80    0   64 
-123    0   82  119   49    0   88  115    0   82    0  -14    0    0  -31  107 
   0    0   53  101    0 -122   49    0    0  103 -118  123    0    0  -36    0 
 111    0   14    0    0    2    0   60    0   81    0    0    0   59 -103   97 
 -38    0  -96  -93   25  -45  117   89  104 -126    0   87   12 -111   10  114 
 -73   72   50    0 -128   24  -76    0   59  -31   37  -45    0 -117   68    0 
   0   23 -122   74   63 -123    0   43    0    0    0    0  -17    0    0  108 
   0  -52   14    0    0   -8    0   66    0 -119    0    0   -1  -86  -16    0 
   3    0  -28  -86    0    0    0    0  -82    0   50   64  -69   62  -73    0 
  -8    0   44  -67   41   87   41   50    0   96  -20  -35    0 -112 -102    0 
 107   99    0    0    0   72   29   11  -56  -83    0  -92 -101  -93  119    0 
   0   -6  -76    0 -125  -72  127  -42   50   45    0   41    1 -119 -113    0 
   0 -114    0    0   46   58   37 -125   44    0   46  -28    0   98  107   81 
-100    0  -85  -43    0    0  -57   29   93  -95    0  -73   84    0  -63    2 
   0  -85  103    0 -105  126    0  -25    0    0    0  -57   71  -70    0    0 
  32    0   12    0  -93  -34   53   79    0   61    0   57 -112   73    0    0 
  15  -73  120  -79  117   25  -86  -50 -126    0  -12    0 -108  -71    0    0 
  23   95    0    0  -33  109    0   79   52  -80    0    0  -75    0  -41  -83 
  37    0    0  -94    0    0  -61    6  -15    0  -40   32    0    0    0    0 
 -28 -109  -64  -43  -26   55  -95  125   70 -102  -37    0    0   47 -120    0 
-126   31  -93    0    0  -70    0    0    0  -92   85   43   26  -87    0   60 
 -68    0 -124  -21    0  -80    0  -17    0    0  -81   11   26   79  105   46 
   0 -100 -102  -10 -111 -114   18    0    0   23  -78 -105    0 -109    0   59 
   7  -26  -75    0    0  -65    0  -77   99  -29  -56  -31    0  -40    0   -6 
 -99  -68   43    0    0    0    0 -115    0  103  -22  -89  -30  -17    0    0 
 -29    0    0   32  -92    0    0  -64    0  -30    0  121   27  108    0   11 
   0  -41    0  114  -56  -96  -77 -123    0  -70  -28  -31    0    0  -12    0 
 -77  117  -45    0    0   67    0  105  -66  -28    0    0  -54   83   43  -23 
 -18 -122  -75   16 -119   12  -71  -80  -28  -86    0    0    0   36    0    0 
 -98    0   34  -42   74   47   86    0    0    0  119    0    0    0  -77  -61 
  42   22  -80    2    0    0  -57    0   78   90  -65  -57    0    0   21   92 
  66   17  -16  -31   95    0  -46  -67    0  -36  125    0    0  -45  -90    0 
  61  -23    0   87    0    0    0    0    0 -118   88    0    0   11   76  -85 
-116   29  -34   19  -78  123   38    0    0  -46    0    0  -92    0 -128  100 
 108  -38  121  -33    0  -38    0    0   96  -75    0  -70  -38  -48   39  -44 
-118  -67    0    0    0 -107    0  118  111    0  -26   63 -126  -21    0   37 
   0    0    0  -38  118 -127   47    0  113    0  -58   -6 -105  -72    0  -54 
   1    0    0    0    0 -114   11    0    0 -128    0    0   -6  110    0    0 
  96  -24  -16  -27   94   95  105    0   56  -54    0  121 -111   10    6    0 
 112 -111   25  -99    0    0    0   97    0    0    6   11    0    0    0    0 
 -17 -101  -29  -67  -40    0  -91    0  -99  -98    0  -72  -42    0   96    0 
   0    0    0  -63   29    0  117  -68    0    0    0  -85   94  121    0    0 
   0    0    0    0  -25 -114    0   40   48  -93   -8    0   65    0    0 -122 
 -15    0  -49  -47    0   57   20   83    0 -114   96    0  -46    0    0    0 
  44  -48    0    0    0  121    0   -1  -28   57  -22    0    0    0   -2    0 
  63    0   27  118   69 -112    0    0   63   16    0   60   61  -31    0   97 
   0 -117    0    4    0  -21   15  106    0    0  126  -62   74    0    9   20 
  45   40  -40  -80   -2   57  -54  -44  -67   53  -96    0   87    0    0  -66 
   0  106    0   70   87   48  101  -81   18  -47 -125   84    0 -101   94    0 
 -98  -14   84    4    0    0  -64    0    0    0    0    0    0   69   85    0 
-127  102  -31  -76    0  -99    0    0   40    0  -82    0    0   12 -112  -30 
 -30   24  -39    5   -1  -16   19 -109  -62   59 -125  -14   -2   35  -51  122 
   0    0    0   25  -39    0   58 -107   24 -126    9    0    0    0  -76  -75 
   0    0 -117    0    0  -27 -125    0 -128    0    0   44    0   14    0    0 
 -30    0    6   50  -14    0   27    0   43    0   95  -93   82    0    0 -109 
 -96    3    0    0   72 -102   74   49  -99  108   -6   69   62    0    0    0 
  32   42   89   81  -95   56 -112    0 -102 -109  123 -126  -90    0 -105 -115 
 108  -37    0 -106    0  -86    0  -97   52   76 -120  -99 -119   -6   38    0 
   0    7    0   33    0  -12  110    0    0  -41    0  -97  -17    0    0  -48 
  35    0  -94  -33  -47  -32    0   21    0   66    0  102   56   97   14  -87 
  21  -13    0   65 -112  124    0    0  114  -28    0  -50    0    0   92    0 
 -18    0    0    0   85    0    0    0  -14    0    0  -66    0   35   75  101 
 126   19   11  -15  127   31  -74  -40  -54   29    0  -85    0    0    0  -87 
   0    0    0    0  -11    0  -25    0    0 -106  -64    0  -53    0    0    0 
 106  122    0    0    0   47   42    0 -102  -97  113   68   58    0    0  103 
 -18    0    1  106    0   98  127  -89    0    0   17   69   59  105    5    0 
   0   62    6   -3  -22    0   -3    0  -57   -7    0    5    0 -106    0   48 
 -73   87  -72   20   81   82    0 -125    1  100  -98    0  -61   20    0   33 
 -94  -74   81  -40  -84    0    0   77  -67   15    0  -11  -19   90  -61   -1 
  84  -44    0    0  -16  103  -84 -106  -67    0   69 -125  -97    0  118    0 
   0    0  -33    0  -62    0   58  -22  -42    0   49 -100  -95   20    0    0 
 121 -116    0    0   95  125    0 -117  -24    0    0  117  -40   30    0    0 
  42    0    0   82  -48   -9  -81    6    0   -5   75   14    0  103  -10    0 
  34 -104    7    0  -82   73    2   94   76   67 -122   41   79    0   14    0 
 -31  -23   43  -10    0    0 -106    0    0  -56 -124    0    0   73   64 -111 
  70    4   11   -8    0    0    0  -75    0  -37   99   66  -28    0   40  116 
   0  109    0 -121  104  -76    0   66    0    0    0   76   38  -41 -128  -13 
-114  -77 -122    0    0   11    5  -22  -89  -73  -16 -120    0    0   15  -14 
  41    0  -79    0    0   43  -27    0    0  -66  103    0    0  -19  -15  -41 
  25 -111  -14  -19  115   71    0    8    0   35    0    0  -24  -39  -67   21 
  38  103  -43  -54  -66    0    0 -102    0   35  -77  -83    0   99    0  -96 
   0  116  -37   54   24   36   -2   19  122    0  105   45  -11 -116    0    0 
 -75 -124  -37   -8  126   73    0  -66 -126   -3  -28    0    0   10   74  -18 
   0    0    0   75    0 -103   80  122 -115   59    0    0    0    0    0    0 
  67    0    0    0    0   64   38  123 -122 -109   23    0   13    0   48    1 
 -82    0  -66   33    0   64  -86 -110    0  -23    0    0   36 -116    0  -97 
-106  105  -46   16   63   55  -44    7  -47    0  118  -49    5  -84    0    0 
 -42    0    0   95  -57  -64   76  -82  -96  -71  -14  112   -7  112   27    0 
   0  -14  -41  116    1    0   20    0  -11    0  -21    0    0   57  -83   18 
   0   74    0   99    0  109   76    0   87    0  117   50    0 -104  -48   28 
  67  -75    0  -29   72    0   25   19   93  -79 -106   68    0  103   89  -48 
  18  -74    0   76    0   65   61    0   30    0    0  -31  -60    0   11    3 
   0    0    0   76    0   52  125  -70    0  -60 -105    0    0 -114    0   28 
 -66   69 -108    0    0    0    0  -10   73  -88  -44 -128  -85   45  -49   50 
  32  -51    0   59  -88    0 -126   28   38    0  -49   60   81  -45  -84    0 
   0 -122    0  -72 -110  -98  -68   55  -50  -14 -109    0    0  -25 -106    0 
 -23  -29   83  -79    0    0   32    0  -40 -100   12    0 -116    0  105    0 
  16  -39  -73  -62    0  -39    0   14  -62    0    0 -124  102   -5    0   66 
   0    0    0    0   -8    0   10   64 -111    0    0  -99  -45    0  -50    0 
   0   67  -68   91    0   80  123   65    0   46   39  112    0    0  102 -100 
   0 -124  119   10   20    0    0   73    0    0   71   -8  -12    0  -85    0 
  36    0    0    0  105   59    0    0    0   45  -51 -120  -65    0    0    0 
 -20    0    0   71    0 -127  -72    0   -6    0    0    0  -80    0    0   42 
 -64    0    0    0    0   98  -19  111  -73  -53    0 -116    0   26    0  -57 
  56    0   37    0   27  -81    7  -88    0    0    0 -124  -21    0    0  -76 
   0  104    0 -109    0    0    0    0    0    0   36   -8    0    0   43   92 
  67   88  121   56   61    0    0  -80    0    0  -25  -38    0  -17    0    0 
  66    0    0    0   30    0  -49  -25   49  127   94  -78   71    0  -61  -69 
 -79   25  -66    0    9  -51   21 -113    0   19    8  -53  -86   11    0   57 
   3    0    0   72    0    0    0    0    0  -60    0   39  -77    0    0    0 
   0    0    0  -27   85   71  -34   14  -57  -11  -93    0  -10    0  -35  -77 
 -35   26    0 -112   36  -74  -49    0    0    0   69 -102  -12   78    0  -37 
   0    2  -64    0   99   94  -75  -38   13  -48 -122    0   84  -11   43    0 
   0 -106    0  126   66    0  -98  -59    0 -104    0  127    0    0   58    0 
   0    0    0    0    0    0 -100    0    0  113    0   37    0  -78    0   62 
  93   82  -18    0   37 -104 -104  -48    0   -7    0 -103    0    0 -106   15 
 -24   65    5  -85   -8    0  -90   79  -62  -97    0    4    0    0  -98  120 
  -8    0  113  -89   85    0 -102    0  -17    0  112    0   97  -36  -34    0 
  27 -112   -9  -15    0  -62  -80    0  -61  -18   26   64  -25    0    0    0 
  94  120 -106    0    7  -88  118    0   23    7    1   25  121    0   36    0 
 -96  -26 -103  -42    0  121   78   93  123    0  -23  -11   33    0  -26    0 
   0    0   59  101    0    0   65  -25    0    0 -118  106    1    4  -50   -2 
  88  122   18    7    0  -17   30  125    0    0  -57   13   91    0  115  118 
   0  104    0    0    9   91    0  104  -95  -33 -123  -92    9  -61    0  -77 
   0    0  -44    0    0    0   19  108   90    0   47  102    0   -7  -21   81 
   0  112  124  -17  -85    0  -28    0  -65    0  -72    0    0  103 -121    0 
   0   49    0    0  -38   66   98 -115  -37   15    0    0   51   93   46    0 
 -28  -63   27  -81   -9   16  -15   64  120  -13    0    0  -90  -72  -33    0 
 -62   70  -14  -77  -95  -22    0    0    0  -95    0    0   35    0   -5    0 
  28  -17    0    0    0    0   36    0    0    0    0 -126   49    0    0    0 
  -3   68    0    0  -88  -98    0 -123  117   23  127    0 -109    0    0   -2 
   0    0  122    0    0   53 -101   77    8   82   49  -68    0  -15  108   89 
   0    0  104 -123   90   22  117   50 -110  -84   98   64  -26   41  -55 -111 
 -45  -36  -26    0    0  -34    0  -51  -74 -113    0    0    0   81    0   77 
 -82   -6    0   38    0  -21   41  -57  -71  -58    0   86    0    0  -68  107 
  81  -19   15   48    0    0   -5 -126    0   33    0  -21    0    0    0  -36 
  38    0   86    0    0    0    0   54  -29    3    0 -102   26    0  -19    6 
   0    0    0  -79  -87   44    0    0  -43   21    0  -21    0  106   -8   84 
 -88    0   -1  -45    0    0  -97   57    0   81  -39    0    0  -53    0 -118 
 -65  114   90  -46    0  112  -51  107   56    0 -125  -44    0   75    0   13 
   0   86   17   10    0  -38  -37   17   30   -8    0   32  119   24  -26  -93 
  -9    0    0  -48   76  -78    0  -96  115  -60 -124    0  102    0  -90    0 
   0   78  -86   99   14    6    0   85  -37   25  -73   29  107    0    0   26 
 -54    0    0  -47  -81   24    4  -29    0    0    0   19    0    0    0  -57 
-111    0  -67   73    0   92    0    0   83    0   -7    0    0    0   54   13 
  -3   45  -62  -41  -65  111   50    0  -94    0    0 -125   90    0   31   15 
   0  -57    0   -7  -52  -26    0  119   86 -101  -18    0  123  -39   50   11 
   0    0    0  119 -123   53    0  -63 -116    1   69    0   29  -63    0  -99 
 -98  127    0    7   81    0  -96  -25    0    0    0   40    0    0    0   57 
 125  126   -9  -72  104  -74    0    0   84 -101  -53  -54    0  -89  -18    0 
   0  119   66   20   -1    0    0  -43  -44    0   34   16  -84 -104    0    0 
   0   78    0    0   16   15  -35 -119   77    9   51  -35    0 -111  -58 -101 
   0    0  -57   34    0   81  114  -51  126    7 -107    0  -61    0  -26    0 
  72   34    0    0    0   77    5   37   28   61 -115   43  125 -114  117   89 
  34 -111 -127   27  107  107    0  102  -60  107   66    0   95    0   92    0 
  90    0  120    0   98 -117 -102   57   60   34    1  -11 -125    0   15  -49 
 -79  -73 -128    0   97    0  105   62   25  -10  -80  106    0    0    4   99 
 -67  -98   57  -37    0  -58 -114    0  -15    0  -71  -82  -90    0    0    0 
   0    0    0    0    0  127  103   38    0   51    0   88 -103    0 -112    0 
   0    0  -87  -43    0  -50   50  116    0    0    0   58    0  -73  -61   57 
  64    0 -112  -33  -49    0 -111   16   38   60  -89 -102    0    0    0    0 
 -51 -114   15   58    0    0    0  126    0    0 -122   93  -75   36    0  104 
 -42    0  -20  117  -60 -100  -69   28  -20  -49    0  -27 -116   58  -40    0 
   0    0 -103  103    0    4  104    0    0  -70  -99  -65  -93  -71    0    0 
   0   18    0    0  101   79 -124  -15   88 -102  -49  119   38    0   40    0 
   0    0   26    0   99  -27    0   86    0  -79  -56    0   38  -29    0 -112 
   0    0  124  -15   27 -109  -26  117    0    0    8    0   59    0  -31  -69 
 -54  -53   69   18 -104  109   30    0   71    0   83    0  -49  -82    0   26 
 -60    0   83    0    0    0    0 -109   64    0  -15   27    0    0  -87  -53 
 -22   50 -112    4   36   28  -41   31   42    0    0   23    0   42 -100  -57 
 121   35  -20    0  116    3    0    0   16    0    0    0    0    0   16  -67 
   0 -123  116   59    0  -67    0   71  -21    0    0    4    0   17   96    0 
  13    0  -56   44  -36    0    1    0    0   65 -117  116    0   29    0    6 
 107   53 -113 -119   16    0   65  -22    0    0   33  -20 -103  -61    5  -93 
-109  -24 -118  -19    0    0   77 -111   13    0    0    0  -57  -69   66 -105 
   7    0   98  -24 -107  -35    0    0   54    0  -42  -76  123   97    0    0 
   0    0 -112    0  -62    0   73   91    0  -79 -125   49    0   -7    0  -50 
  56  -90  -39    0    0    0    0    0    0   22    0  -45  -83   78    0    0 
 -31    0  -32   63  -91  121  -93   48   -8 -113   85    0    0 -115    0 -123 
  52  -20    0    0  -20    0    0  -11   49   11  -46   26    0 -111 -118 -126 
  79    0    0 -103   96 -123  113  113   61   65  -18  -90    0   -8   22    0 
 -78  -37   44    0    0  -36   84    0   54 -128   44   57    0  -57    0 -120 
   0 -114    0   18    0  -16 -102    0    0   80    0  -54    0    0   16  121 
   0   53  -33   50    0    0    0    0    0    0  -63 -128    0   33    0    0 
   3  -31  -16 -105  -48   17   89    0    0    9 -100  -77    0  -44    0    0 
   0    0   75   47    6  -30   16    0  -45 -114   46 -122  -42 -112  -50    0 
-124    0 -124   32    0    0    0    0  -78  103  -86    0   53    0  -55    0 
 105    0  -53    0  -91    0  -65    0   -4   14    0   82    2   -6 -105  115 
   0    0  126    0   93   38  123   -2    0   14   22  -95    0  117 -114    0 
  -5   99    0   53    0    0  105  -65  -13    0   75  -13  -54  -45    0   45 
  97   90    0  109    0    0   24    0  -55   94   35  -48    0  -50  -77    5 
  82    0  -26    0  -42    0  -92    0   75   28    0   50    0  -95   36    6 
  21    0  -89  117   97  -40    0  -30    6   66    0   40    0  -64   -3   75 
  -9   71  -51    0   67    0    0   59    0   11  108  -46  -90    0    0   -2 
 -76 -107  101    0  -52    0    0  -27    0   90    0  -11 -120  -60    3    0 
 -39   50    0    0  -22  -24  -84   17 -126    0    2  -58   48   62  -88    0 
   0    0   18  120   15  -58   57    0  -44    0   81  -93    0    0  110   88 
   0   80 -105   55    0    0   -3   86    0  -99    0    0  -11    0    0  -19 
 110   35   38    0    0   30  -38    0    0  106   -7    0    0  -59    0   19 
  85   68   36   72   62  -41  -31    0  -47   78   80   72    0   69    0   40 
   0   21  103  117  -87    0  102    0    1    0  -85    0    0   31    0    9 
  46   96  -31  -73    0  125   96    0  119 -128  -21    0   17    0   19  113 
   0  117   43 -126    0    0   17   20   23   93    0    0   36    0    0   21 
  13  122  -43    0    0  126  -57    0 -103  -19    0    0 -118   75    0  -45 
 -54    0    8    0  119  -70    0    4    0    0    0   54  104    7    0    0 
   0    0  -60  -61  -45    0    0    0  -73  -77   79  116   34  -35  -93    0 
   0   76    7    0    0   61   53  -26    0   89  -97   62    0   29  -77   75 
  96  112  -58    0 -127    0  124   54   80    0   30  -88   18   70    0    0 
 -90   41    0   -5   72   56 -109  -46  -57    0    0    0  -73    0  -22    0 
   0    0   41  -73  -21  -50    0   59    0  -70   -2    0 -103    9    0  -90 
 -51  -50    0    0  -31    0 -128    0    0  -88    4  -39  127  -43   85 -110 
-122  -68 -102    0   50    0    0    0   -9    0    0  -78    0   75   83   10 
   0  -14    0   26    0   71 -124   35  -77   34 -116  -58   42  -61  -39    0 
   0  -60  -43   82   75    0    0  125    0 -108   47    0    0    0  -63    0 
 -82   63    0   99    0  100    0   95  119    0   19    0    0    0    0    0 
-104   19   37    0   68    0  -92    0    0    0   99  -29   75    0    0    0 
  77 -124    0    0    0  -35    0   62    0    0  -58   57  -90    0   43  -41 
  60  -39  -30  -24    0  -53   34    0    0 -112   97   66   85   95    0    0 
   0 -104    0  114  -81   18   73   -2    0   -1  110   57   -7    6    0  -48 
 115   73  -99    0    0 -114    0    0 -102    4 -117    0  -69    0    0    0 
  12   -2    0  -15    0 -115  -14    0 -104  -90    0   30    0  -27    0    0 
 -91    0    0  -95  -66    4   59  108    0   23    0    0    0    0   42  112 
  92  -83    0  -91    0    0    0    0   -9    0    0    0   98    0   30    0 
-108    0   22  -96    0   70   77    0  -28  -94  -72   56    0  -14  -38    0 
   0    0  105    8 -111    0    0   25    0  -45   -3    0   67  -75  118  -49 
  33  111    0   -1    0   55 -121  -72   16   50  -93   17  101  123  -58   71 
 -24   39   98    0 -110    0  -54   91   33  -68  -27  -51  -76   57 -125    0 
   0    0  101    0    0    0   85    0  -28   -2  109   94  -73   32    0    0 
   0   73  -80 -118   46  -35    0   87   19  105   66   17   58    0    0   43 
   0  113  -30  -10   20   -1   93   18   44  -41  -42  126    2    0   22   33 
   0  -63    0    0   12 -107   31 -102  -23   90    0 -121  -56 -117    0    0 
 -18  110  -61  106   72  109   89    0    0    0    0  -55   68    0  -26  -17 
   0  -31    0 -115   21    0   80   23   89    0   -6  -55  -35  -93    0  127 
  41    0    0    0   64    0  -70   64 -100   23    0   20 -111    0   48    0 
   0   46    0  -36   81    0    0    0 -120    0  -41    0  -59    0  -62   46 
  54    0   31    0    5    0   74  -22    0  -17    0    0   43    0   96  103 
   0  -51   51  -34   58    0    0   19    0    0   92    0 -119   97    0 -104 
  25  -68    0  -75   -5    0 -102  -90    0 -119    0   56 -103   52  -77  -87 
  68   77  -83    0  -33  -92    0  -83   50  -21    7   57    0    0    0   20 
   0    0  -18    0    0   -8   84  108  -10  -93   -9   74   -7  -26  109    0 
 -61   87   39  -97  -64    0    0 -103   50    0    0   71   56    0    0    0 
  45 -117   40   69    0    0  -18 -118  -83    0  -30  123    0  -46    0   60 
   0 -123    0  -48   33  -79   38   68   72  -96  -42   -7    0   63    0  122 
  46   -7   58    0    0   39 -102   36 -109   92  101   12    0  102    0   32 
 -80  121   97  -49  -11   67    0    0 -104    0    0    0  111    0  -31  -56 
  91    0    0    0  -40  -17   17   97  -34    0  110    0    7   58  101   27 
   0    6    0  -81   97 -118   57    0    0    0    0    0 -117  -73   45  -44 
   0    0   24    0 -123   26  -19    0  -50    0   26   49   15    0    7  -13 
  87    0    0    0 -124   61   55  -39    0  -81    0   73   72   20 -100    0 
   0   21  -17    0 -108  -41   84    0   59   69    0  -71  -36   86   14 -128 
  73   33 -105  -54  -64   74    0  -97  -38  106  -92    0 -123    6  113   20 
  82 -120  -66    0    0   44 -106    0  -85 -112   77    0   54  -96    0  -64 
 -56   30  -79   80   30  -27  -14   46  -41 -124  -20   20    0    0   34  -46 
   0    0   44  -42   45    0    0 -112    0   84    0   59   82  -76 -124    0 
  85  -17  119   12    4    0    0    0    0    0    0   22  110    0   80    0 
 -97  -92   61    0    4    0   13    0  104    0   61  -45 -107   36    6   50 
-108   64  -41  -19  -60    0   20    0   13    0   76   80  -97    0  122  -66 
   0  104    0    0   92    0   81  -94 -100    0   15  115 -107  -96   87  113 
  -5  -64  108    0    0  102    0    0   55   89    0 -123  103  -21  -67   13 
   0  102  -19   13    0    0    0    0  -66    0    0   57    0    0    0  117 
   0    0    2  -47    5    0    0  107   46  111    0    0  -27    0   94    0 
   0    0  -69    0    0    0 -107  -85   35   92    0    0    0    0   91    0 
  21   69  -63    0    0    0    0   71 -108    0    0    6   -9    0    0 -119 
  99    0    0   10    0  -59    0    0  112  -92  -30  -56    0    0   56  -41 
   0  -69    0    0    0   93    0  -62    0  113   39    0 -104    0   35  123 
  33    0  -52    0   58   27  -14  -24   35    0  -65   64    0  -48    0   -5 
 110   31  -42  100    0   79   59    0    0  102  -58   29  -32   56   51 -114 
   0  -53    0    0  107    0    0    0  -97    0    0    0  -43 -101   63    0 
   0    0  -23 -118    0   19    0   19  127    0    0   55    0  -31   51  -17 
  73  125  -66    0    0    0   13   35  -33    0    0   83  117    0  -14    0 
   0    0    0    0   48    0    0   41   76  -70    0   66    0   99 -122   91 
  75   61    0   86   89   45  -59  -69   58   10 -108  -91   15 -101 -113    0 
-112  -82  121  -65    0  -46 -120    0 -119  -25  -73  -88   94    0   47   51 
  37  -47    0    0    0  109   -3    0    0  -99   24 -111    0   43  -78  -89 
  69    0  -25   21    0    0  -56   56   87 -103  -21    0 -128    0    0    0 
 -67    0    0    0  -55  -46    0  118   -2    0    0    0    6   45  -68   70 
 114   -9    0  107  -24  -47   88  -71  -25    0  -50  -97  -28    0    0   92 
 -64  -23    0  -43  120    0 -111   -5   29   82 -100    0 -102    0   74  100 
   0    0    0 -104    0   46    0    0    0  -47    0   91   14    0    0  -92 
   0   27   33  -19    0  -99    0  123    2  125    0    0   11 -121 -107   63 
 -50    4    0 -106   21   43    0   52    0    0  113    0    0   43  -50    0 
   0    0    0 -106    0  -62  -63    0    0    0   47   33    0   67   12   90 
  97   95   91   46   14  -43   85    0    0   83    0  -36    0    0    0    0 
   0   -6   95    0    0   -6    0  -40    0 -122   20  -75    0  -82    0   21 
  67    0    0    0   86 -123  -57   51    0    0   63    0   -4 -124    0  -29 
 124    0  -78   20    0 -108   17 -110 -119   12  116  -98  -22  -20    5  -86 
   0   75    0   34   28   14  -64    0   87  -93    0    0  109   94  125    0 
-117   70    0    0  -55  -74  -18  -27  -93    0    0    0  -80  -34  -51   30 
 -50   18    0   28  -78    0    0   37  -62    0   75  -43   31  -85 -117    0 
-113    0  -33    0    0  -37 -106    0  -42  -60    0  -21  123  -75   40    0 
 -18   60 -117  126    0   18   -4  112  -47    0    0    0    0    0  -29    0 
  46  -81   11    2  -48  -69  -23    0  -12    0    0   85   79    0  -13   49 
   0   48   97    0  -68    0   14    0  127    0  -16  -10    0  -73   83    0 
-107  -57  114 -125   76  -52    0   17    0 -107  -78   16    0   48    0  -52 
 108  -72  -44   31  -68  -14 -116 -116    0  -50    0  122    0 -116  -85    0 
   0  127  -71   64   32   56    0    0    0  -87   22 -101   -8  117  -63   82 
  19   29  -46  -47  -10    0  -52    0   29   47  -48   15  -27   36    0 -114 
   0  118    0    0   -9   10   -8    0   13  -93    0   26  -51    0   54    0 
  87  -27  -16  -72  -11  -34    0    0 -111 -128  -85  -94    0   68 -109   18 
  64  -10    0    0    0 -128  -47  -80   24 -100    0  -79    0    0    4  -73 
 -91    0  -96  -18  -73    0 -124  115    0    0    0  106  -71   15  -75    0 
  68  -40   38    0    3  -57    0    0    0  -24   41  124   17    0  -63  -19 
   0   49    0    0  -26   -1    0 -128  -36  116  -95  114   18  -59   36    0 
  -7    0 -105   20   87    0  -23  111    0    0    0    0    0    0  -44   10 
   0  -54 -124 -110   74    0    0    0    0    0  120  -83    0  -90   65    0 
   0    0  -12   92   89  110  -40   21    0  -82    0    0 -107    0  -67   89 
   0    0    0  101  -25  123   33  -94    0    0  119    0   98    0  -75    0 
 127  -37   -7  -10   92    0   69   49  -83    0  -87    0    0   62    0   81 
  91   47    0    0   38    0  -72    0  120    0  -29    0   24   37    0  126 
   0  -23   80    0 -121  -10 -120  -41   96    0 -107   21  -50 -118   12    0 
   0   70  -18  -66    0  -30    0   12   96  -83  125    0  106   74   48 -128 
 -41  115    0    0   95    0  -46    0 -123    0 -121   94    0    0  -93 -103 
   0   93    0   36    0    0    0   90    0    0   76    0   98   87   30    0 
 -61    0    0    0   26   -9 -120   74  -26  -18    5   84    0    0  -11   56 
 -99   -2    0    0   33    0  -97   80 -115   71  -50    0   95 -113   83  -12 
   0    2   79    0   82    0  -92  117   14    0   50  -20    0  -79    5    0 
-114   34    0   28  107 -117  -16  110   29    0  -42  -45   71    0    0  126 
   0 -127    0 -114   61  -18   64   31    0  -59  -97  126    0  108  -96    6 
  39    3  -95   78    3    0   91    0  -11  -99  -11   96    0  -59    0  -61 
 -89  -59   26    0  124   71  -80    0  -15    0   52   73 -125   40    0    0 
-105    0  -51    0    0  -43    0 -105  102    0  -36    0  100    3  -58 -123 
  66  -42   89    0  -81  -52 -110    0  -47   66    0   -3    0   64   -2  -25 
 123    0  -77  -67   45    0  -82    0    0    0   35    0    0    0  110    0 
 115    0    0    0    0  113   58    0    0  126    0    0    0 -105  -63  -67 
-121  -90   24  -59   31    0   77   28   94  -30    0    0    0   63    0  -44 
  -4   94  -83    0  -80    0  -11    0    0   65    0  -22 -121 -128  -29  -55 
-109   48  -61  -18  -48  -44 -104 -107  -48    0    0    0 -103  -51    0  126 
   0   20  102  -11    4  -27    0   81   67  -45    0    0 -104    9  119  -78 
 -35    0    0    0 -107   -8   16  -95 -117  -11    0    0   44  -91  -51  -12 
 -40   59  -70    0   11    0  -23    0  110  100    0 -101  -27    0    0   15 
   0 -105  -45   58  115  -41  115  115  -50   10  -80   93   11  -90    0    0 
 -63    0   73    0 -128   78  -48 -102    0    0  -41  100 -124   74   76   63 
  -7    0  -90 -106    0    0   11   91   64   21   -2    0    0   76   60    0 
   5    0   88 -106   97 -126  -44    0    0    0   -4  102  -39    0    0   95 
  16   83    0   23 -122   17    0  -30  -72   -6    0    0  -14    5  -81   54 
  13  -18    0 -127   38   11    0    0   84  -34   83    0  118  -82   25   87 
   0   41   99  -84  120    0    0    0    0 -126    0    0   -2   59   46   60 
   0    0   35   -1  -49 -119    0   94  102    0  -44  -14  119    0  111    0 
   0  -42    0    0   41  -52 -121    0   -6   70   59    0   90  -60  -43    8 
  84    0    0  103    0   15  -28  -84    0  -78    0    0    0   91   88  104 
 -42   21 -105  -28  122   43   34   81    0  -39  -51    0    0   18   75   53 
-115    0  -18   78  -67    0   81    0   57   26    0    0  110  -72  -89    0 
   0   49    0    0  103    0    0  -82    0    0    0    0   77    0  -12   84 
   0 -118  117  120  107  -51  -34  -81    0  -82   54   -6    0   75   99   81 
 -16 -119   48    0    0 -123    0 -113  -91   91   27   65 -105    0   42 -112 
 -41 -105 -110  -54   62   92   24   71    0   38   27    0 -125  -31    0  -23 
 -62   70    0    0    0    0    0  -47  -66  -46  -35    0  -88 -118    0    0 
  67    0 -109 -121   62  -71    0   13  -81    0 -107   19    2   35  100    0 
  51  106    1    0  121    0  -66    0    0   37    0    0  -86  -66   45 -120 
-119    0  -19    0  -73   21  -13 -100  125    0   43  -96    0  -51    0    0 
   0    0 -123  126   77   57    0 -101  -94    0    0  -79   80   47  -92    0 
-106    0  110  -40   40    0    0    0    0    0   -4   75   15    0    0    0 
-120  -95   90   88    0 -125    0    0 -115    0    0  -30   31  -59    0  126 
 106    0  -95    0   65  -74  -54   66  105    0  -57  -77    0   52    0    0 
  57    0 -110    0    0  114  -83    0   79   27  -22   57   25  100   36 -128 
   0  -85   43    0  -28    0    0   62   -1  -74  -41  -79 -117  -27    0 -125 
   0   86    0    0   32  -96  -31  -44    0    0  -12    0   61   68   17 -104 
   0  -32    0   70    0   45    0    0 -120  -21    0    0  -32    0    0   52 
 -33  109   36   94  -19  107    0    0    0  -52 -104  -96  -42    0   88  -66 
  54   70 -128    0  -54    0    0    0    0   -9   -7 -102   36  -89   45   43 
   0    6  -87  -53   12    0   -8   47   13  -81  -92   92    0    0   41    0 
  26  -21  -29  -56    0    0    0    0    0  -66  -53   71   76    0  -55    3 
 -79   45   16   98    0    0    0    0 -124  -53  -77    0  -51 -106    0  -38 
  24    9    0  -57   99  -11   34 -111   88   40   14  -59   21   94    0    0 
   0  -22  -83 -122    0 -114  -58    0   49    0    0    0   86  -13   27  -53 
 -74    1    0    0   43   99    0    0    0   54  -62 -119  -74   -7   13    2 
  10    0   69   -6   29  -58  -88  -39    0  122    3  -86    0    0    0  -75 
  68  -83    0    8  -63   77    0  121   86    0    0    0   46    0    0    0 
   0   42    0   41  -77  -34 -124   52  -77    0 -107    0    0    0 -105   55 
  -5 -126  116  126    0    0   12  112    0    0   -7   75    0   43 -126   97 
   0   93   40  -18   95   71   30   30  -70    0    0   51   -6    0    0    0 
  25   96   63   36  -52  -54    0  -44  -93 -111   59 -108    0    0  115  -59 
   0    0   23   -7    0  -69   92  -72  -19   88    0    0 -118   94 -105  112 
  68  102    0   25    0   91    0  -38  127 -113  -40    0    0  -19  -61   37 
  45   33   12  -96  107  -94 -126    0  114   21  -61  116 -115    0  -43  -39 
   0  -56  -93    0    0   76 -120  123    0  -58   40    0  125   15    0   13 
 -52  -18 -124    0    0    0    0    0  -66    0   59  -56   81   75    0   13 
 120    0  -37    0  119  -30    0    0    0  120   -9 -110 -125    0    0    0 
 116   96   62   79  -34    0  -44  -21   33   14   92   95  100    0    0   -2 
 -24    0  -96  -52    0    0    0  -38    0  -15    0    0 -112    0  -74   40 
   0  -67   84 -109    0    0    0  -37   85    0  -61  -91    0    0    0    0 
 -51   13  122    0    0 -102  -72    0    0    0 -117   80  102 -104   -8   61 
   0    0    0   64    0    0    0 -117  100    0   37   58    0  -60 -105 -105 
-100   67  -87    0  120 -105 -105  -51   14   72  106  -78    0   65   22   35 
  -1    0 -128    0    0    0  -94  -57   58   54   12    0    0    0    0    0 
 -35   56    0  -62   47    4  -23   74   81 -113  -46    0   46 -120   28   89 
 -39    0 -114   47   25    0    0  -57  -20    0    0  -35   32  -36  -49  -77 
   0  113    0 -121    0  -23  -27   85  -26    0  -46   36    0   23    0   69 
 -64   28    0    0   86   16  -94  -73    0    0    0  105  -22   12  -82    0 
   0   35  -40  -48   19  100  101    0  -80 -107    0    0   65  118  -38   -7 
 118  -27    1  -58  100   28  -58    0  104   54  -87    0  -96    0    0    0 
   0   -1 -113  121    0  -78    5    0    0    2  -39    0 -113    0    0    0 
 -72   83  -98  -81  107   62   30 -112    0   92  -97  -80    0 -115  -97  100 
   0   91   80    0  -31    0  123   59    0    0  -47  -18    0    0 -108  100 
   0  -86  -11  -27   58    0   46 -118    0   37   12    0   88   66    0   96 
 -89  -31  -60    0  -64    0   91   38    2   -7  125    0    0    0  101   38 
 -44 -118   12  -37   33    0    0    0    0    0  118    0    0   -4    0    0 
   0  -97   89  -78   33   19    0  -78  -72   73    0    0 -105  -26  -23   68 
-108    0   97   19    0    0   13    0 -102  106  -23   97  -79    0 -119 -116 
 -20  122  108   73    0   54  -78   86    0    0    0    0   13  -24    0   48 
 -70  -67   12    0    0  -39    0 -118 -119   71    0   32   41  -76   12    0 
   0    0    0   74   -2    0   72    0    0    0  -45   68  -42    0  -96    0 
  91    0 -105  -69 -127    0   22  -98   61 -124    9    0    0    0   37    0 
   0  -28    0    0    0  122  -13    0    0    0   23  121    0  -68    0  -17 
   0    0    0   94 -126  -28  -54   15    0   61    0  -54    0  -40   51    0 
 118  -97   16    0  -65  -44  113   65  -53  -46   62    0  115  -42    0    0 
   0    0   31   99    0    0   50    0  -90   11    0 -113  -63  100    0    0 
   0    0   68 -107    0  117 -124    0   33    0  -56  -73    0    0    0   63 
   0  -64    0 -117    0    0    0   43  -80    0 -107   26    0  -60    0    0 
   0    0 -118    0    0    0    0  -17    0    0  -34   43   81  -15    0  -16 
   8  -61    0    0  126    0    1  -47    0  -70    0    0  -11   40  103 -109 
  69  -30   62    0  -93    0  -10  -19  -89    0  -50 -123   -1   51 -102    0 
  22    0   13 -103  125    0  -79    0   39    0   71    0  -34 -101   99    0 
 104    0   32   31  126    0   14 -106   99   -7    0  -14    0  121   93    0 
  76   17    0    0  -66   91   -9    0  -31    0  -75  -55    0    0    0    0 
 101    0    0    0    0    0   -9 -113    2  -24   75    0    0 -125  -72    0 
  49   93   61   94  100    0  120    0   55  -88    0  112 -104   44    0  -37 
   0    0   55   15 -110    0  -92  118   20    0   -1    0  101  -31  113   -8 
   0  -99  -42   93   24    0    0  106    0  -67    0    0  -64    0   86 -109 
  30   69   63    0  101   71  -16   67  -96    0    0  -23  -68    0  -17   48 
   0  -73    0   90  -42    0  105  114    0    0  116    0   89   22  -80    0 
 -21    0   68    0    0   62   20    0   81    0  -59  123  -60   80    0   21 
  58    0    0   58  -80  113 -117 -123    0   36    0   -9    0   15 -102   51 
   0  -16    0    0  -24    0  -93    0  -17  -76  -57  125    0    0    0   61 
 -18   77    0   -5  -28    9   88   75  106   33  -27    0   55  -59 -114  -53 
   1  -37 -102  123    0 -106  106  -15   91   97    0   83    0    0 -123    0 
   0    0 -115  -42  -13    0    0    0    0  -40 -128  -32    0   46   81   90 
   0    3    0  103    2   51    0  -84  -49    0  115    0   44  -86  -86   47 
 -68    0    0  -19   69  -14    0    0  105  110    0  -90    0 -104  -43  -43 
 -65   16    0  124    0  -76    0    0   93 -102    0  -95   67    0 -123  -14 
   0  -81  -44   -2  -86  118  -88    0    0    0    0    0   51    0   -1 -128 
   0  111  -91    0  124   -5   99    0   28    0    0    0  -35    0    0   20 
   0    2   78    0    0    0  -44  -34    0  118   63    0  -87    0   65    0 
 113  -65    0  -67  -65   85    0    0    0  -61  -12 -102  127   94    0   67 
   0    0    0   18 -107   83    0    5  -33    0  -74   53  -76    0   14    0 
   0  -93    0   27   89   32  -87 -111    0  -32    0    0    0   13   60    0 
 -91    0  112  -41   87  -51    0  122   93  -74    0  -39   42   68   17    0 
  68 -109   60   76  107    0   66 -115 -121    0   40  119    0 -102    0    0 
  39 -117    0    0  103  -35  109  -27    2 -113    0    0  -95    6    0  -71 
  96    0  -20 -102   69  -51    0    0    0   75    0    0   92   20   55    0 
   0 -120    0    0  -60    0    0   17    0   84    0    0    0    0  -82  124 
 -82    0   -8    0    0  -81   70    0  115    0   32  -33  -22    0    0    0 
-120    0    0   28  116   72    0   46    0    0  111    0    0    0    0    0 
   0    0  -76   87  -58    0  -30   12   23   75  -84    0   58  -42  -50   66 
   0   92   34   47  109   43  -86   39  117  -76   59  119   61    0    0    0 
  92  -74    0    0    0  -85  -37    0  -23   65   60   36    0  -67    0   90 
   0    0    0    0  -10  119    0    0    0  -37    0    0   43    0  -10   34 
 -45   -2    0  -21    0    0    0   81  125   26  -74    0  107   82 -121 -126 
 -67  125   86    0  -38    0  -48   -7   49 -127  -58   19    0    0 -109    0 
 -39   28    0   -4    0    0    0   51    0 -115   80    0   -3    0    0  118 
 -21   95    0    0    0    0    0  116    0    0    0   15  -45  -50    0   26 
  77  -92    0    0   30    0   15  112   98    0    0  -64  109   27   87  -33 
   0    0    0  -75   99    0   75    0    0  -74    0    0    0   58    0  104 
  43   39  -44   92    0 -119    0 -114    0    4   -9    0   54   32  109  -84 
   0    0   51   77    0  -37  117 -102    0   95    0 -116  -99    0    0   94 
  25    0  -55    0    0  -34  110    0    0   12   71   20   82   84    0  -22 
   0    0  -72  -31   78    0  126  -66  -42    0    0   29    0  107   53    0 
 113    0 -107  -96    0   39    0    0   74 -124   86    0   73   64    0  -91 
-109    0   14  121    0 -107    0  103    7  -88    0    0   -7  117 -128    0 
   0 -108   81    0  -77    0    0    0  -11    0    0 -106    0    0   61    0 
 -68   63   62    0    0  107  -73    0 -113    0    0   56  -35  124 -126  -71 
   0    0    0    0    0  -55  119    0    0    0   28 -119  114  119 -114  106 
   0    0  124    0    0    2   68  -97   86   91    0   37 -105  101    0    0 
   0 -127 -104   10   15  114  122 -113    0    0 -114    0  116  101    0  118 
   0   34  -12  121    0    0   72  -50   90 -118    0  -65   60    0  -42    0 
-109   50    0  108  -86    0 -102  116   16   22    0    0  123 -115  120    0 
 -34   98  -54   92   75   35  -47  -13  -82    0    0   54    0   40    0    0 
   0 -104  -66  -47   89    0  -17    0    0  -24   99    0  -53  -62  -47    0 
  37  111  -60    0    0    0    0   42  112    0   10    0  -34    0    0   22 
 -42 -126    0    0   36   72  -43    0   50   71  -77   32 -104    0    0   74 
 -20   54  -45  104  -36    0    0    0    0  -56    0    0  -68   26   31    0 
 -95    0   25    8    0 -125  -90  -47    0    0  -90  -37    0    0    0   11 
   0 -118   77  -90 -113   88    0    0    0  -62    0    0  -23   95  113    0 
   0  -78    0 -124    0    0    0   91    0  -58  -43    0   54  115    0  -51 
   0    0 -114    0    0    0  -57   62  114    0    0    0   95  -72   22    0 
 -19    0   77   44   55    0    0  117    0  127   -3    0  124    0  114  -14 
 -95    0    0   52  104  112   37  -85  108    0  121   83   39  -27    0    0 
 -99   78   89 -126   78    0   15   10  122   87    0    0  100   90    0    0 
 -49    0    0    9  -24  -38  -68  -51  -94  -91    0  123   86   49    0  -94 
   0    0  110    0   26  -81  -27  -98    0  -58  -28    0   91   57   90  -56 
   0    0  -34   94    0  -18   12  -62  -39    0   84  -25  -99    0    0    0 
 -99    0   61  -94    0  -86   57    0   44  -98    0   36   55    0   45   27 
 -29   62    0  122    0   76 -113  -71 -100    0    0   15  -19    0    7    0 
-119  -17   -5   34  -84   19    0   83  -78    0   80    0    0  -92   48   95 
  54   90   66   12    0    0 -123   46   38  109  -26  -14  -72  -36  -76  -59 
  13    0    0  -61    0   43  -59   52 -109  -68   -6 -118    0   81    0    0 
  65 -104   44    0 -106    0    0    0   -3 -106    0    0   20  -49    0   87 
 126   98    0    0  116  -44  -48    0  -81   15  110    0    0   47   97  -56 
   0  112    7    0    0   60    0  -82   13   16  -40   40    0  -82    0    0 
  18   41    0  105  -92    0   32  -38    8 -117  100  -11   17   69    0    0 
   5   94   29    0    0  -79    0    0  -62   36  -53   76   38   33  -19   81 
   0    0  -42    0 -113 -104  118   59  116  -94    0    0  -61 -111    0   17 
   0  -36   45   34    4  127  -55  115    0   17    7  110  -76   42   13   45 
   0   89  -17  102  -24  -24    0 -102    0    0 -126  114  -66   40   45    0 
-113 -128  110 -117   72    0   28    0   69    0    0   -1   49    0    0    0 
  -9    0 -109    0    0    0  -41   -7  -89  127   43  119    0   70    0   86 
  97   30    0    0 -122    0  -56  108   -9   25  -50   32  -82    0    0  -57 
 -97  -64  -97  -43   18    0   42    0   45    0   61  112  -76   16  -15  -98 
   0   88   53    0  -72  101    0  -45   17    0  -40  -60   17 -115   76  -55 
   0    0  108    0    0    0   16 -104   65   41 -128 -115    0 -125   76    0 
   0  -15  -20    0    0    0    0   13  -51    0  -93   53    0   78    0  -12 
  47  -85   26    0  -47    0  100  107  -43    0  -77    0   65   30    0  119 
  76   86   18 -115  -60  117  -87    0   -2   96    0  -20   23   76    0  -51 
 115  -64    0  113 -103   -9   85   28    0   -3   31  -22    0  -57    0   88 
-122  104   97 -112   88   13 -111  -12    0    0    0  104    0  -80   57  -86 
  33    3   43    0    0  -55  108 -105    0    0    0  -27    0  -99    0   -7 
   0    0  -25  -90   11    0  -80  -24 -119  -41   41    0 -123    0  -81  -70 
  80  -41 -120  114  -33   88    0   55   43   57    0   44   27    0 -116 -104 
  69    0    0    0  -72   47  127    0   70  105  127  -56 -121    0   57   16 
   0   82    9    4  103    0  -94    0    0  -62   41  -32    0   91   75  -68 
   0    0  106    0    0  -25  125   47   78    0    1   11  -17 -106   13    0 
   0  -58   69    0  -18   19  115    0 -126 -124    0   16   18 -123    0   88 
  57    0    0    0    0    0  -73  105   73    0  -97    0   21  108    0   89 
  85  -73  -57    0 -121   46  -62    0    0  -17 -126    0   36   94    0    0 
   0  -82   33   88   35    0   67   40  104  -87    0    0    0    0    0    0 
   0   61   95   29  108    0    0    0    0  104   23   24   14    0  -18    0 
 -15 -112    0  110  125    0 -118    0  -77    0   16    0    0   75   71    0 
   0   24    0   82 -116  -23  -89  -72    0  107   31   40  -66  -11    0   68 
 -31 -105    0   20    0    0   32    0  -78 -121  121    8   44  -75   20    0 
 -80  -21   66    0  -10    0   92  -66  -45  -51   -3    0  108   52    0   88 
   0    0  -31   31  -73 -100  -50    0   16    0   13  -12   61  -29   18   47 
 -77    0   93 -110 -118   21  -16    0  -45 -101    0    0  -68   62  -14   -9 
  68    0    0    0   15  -58    0    0   35  100  -66 -118   15  -18    0    0 
   0  110    0    0  -78 -100   -5    0   99   91    0    0    0   66    0  -38 
 -88    0    0   63  -82    0   49   81   65 -118  -44    0    0  -83  -70   66 
 -36  -91 -128    0    0  -85   34    5  -68    0   54    0  -91 -102    0    0 
-109   87   78    0   82    0    0  -91    0    0  -77   98    0    0  -88   69 
 123    0  119   62   15  -71  -55   33   29    7  -29    0  106    0    0   24 
   0    0  -49  -11    0    0    0  -50    0  110   62 -119  -65    0    0    0 
   0    0    0    0   43  -67    0 -127 -103    0  -42    0   -1  101   59   52 
   0    0    0  -83  -38   84  -46 -115  -92    0  -66    0    0   61  -39  -10 
-126    0  -78    0    0   29    0  -94 -111   45   84    0    0  -35   90    0 
 -79   56    0   31  125   68    0    0   47  -88 -106   77  -39    0    5    0 
-105  -93    0  -91   35  -36    0    0  -83    0  110   98    0  120  -45    0 
 -56  -42  -22  127    0  -78  -61   97    0  123    0  109    0  -24    0    0 
   0  106    0    0   13  -51    0    0    0    0   79    0  -24   18    0   84 
 -64 -119 -118    0  -28    0  -85  107    0   16  101 -127    0    0    0    0 
  57    0  120   26    0  -63   73    0    0    0  -96   54  -75    0    0    0 
   0  -26    0  -46    0   96    0    0   64  -47 -127    0  -19   61    0  -93 
 -61   63  -17    0    0   -1  106  -88    0   84   85    0    0   96  113   14 
  36 -116    9   80    0    0 -123    0 -115   68  -47    0  -23 -112  -92  -28 
   0    0  -37    0 -112   49 -115 -108  100   87   74    0    0   91    0  -23 
   0    0  -39    0 -102   68    0  -65    2   61    0  -98  -71  -90  -56  -15 
  32  -20  108  -12  113  114    0    0  -98   -3 -111  -60    0   45   79   70 
  52  -86    0 -124   88   -2   70 -106 -105    0    0 -112  -54   82  -96   60 
   0   -6  105  -88  101  -17    0    0  -62   12  -22   27    0    0    0    1 
   0   75  -68    0   59    0    0    0    0    0   12    0   82    0    0  -93 
 -98   31  -30    0    0 -109    0    3    0   -2 -106  -49   91    0    0 -121 
  -1    0  -42  112   52   41    0 -123   71    0   71   42  -43   67   95    0 
  91   15  -26    0  -46 -125  -27  117    0  -96   38   39    0    0  -99   90 
   0  -30    0  -83    0   59  -12    0    0  -58    0    0   12    0   -8   62 
   0    0  -91 -106    6    0    0   93    0  -79   16   61  -28  -35  -69    0 
   0    0    0  -64  -80   19  -24  -31  -91 -101  -63    0  -70   31    0   -1 
   0  117   27    0   38    0   13  -53    0 -107  113   74   25  -25   49    0 
   0   -7  103 -107    0  -65  -16   99  -61  119    0  -92    0   77    0   22 
  99    0 -125  -89    0  106    0    0  -28   43    0   73    0  -30    7    0 
  61    0   62 -118   33    0   15   64  -41  -76  -34  -42   25    0    0    0 
-104   -7 -105    0    0   44    0    0    0  112  -85    0 -124    0  -96    3 
-124   64 -123   59   38    0   92    0   38   21    0 -117   14   41    8    0 
   0  -50    0  -41   13   93    0  -28    0  -35   21 -116    0    0   68 -109 
   0    0  121   37  -66  -13    0    4    0 -126  -83    0    0    0    0    0 
  13    1   68    0    0   15    0 -116    0  117    0  109  -40  -23   85    0 
 -67  107  117   26 -109    0  -73  -83   41    0    9    0   82   95    0   26 
   5  -91    0  -41   73  -43   14    0  107    0  -17    0   13    3    0  113 
   0    0    0  -64  -54  -90    0   68   33  -98  -28    0  121    0    0   75 
 -28    0  -81    0    0  -37  -11    0   58    0  -24    0  -43  -16    0    0 
  57  -99  -68   40 -103  -14    0   69 -104   41    0  -65    0    0   35 -103 
 125    0   93   92  -43    0  -56   36  -38  120  -15  -94  -58    0    0   53 
   0  109    0  -57    0    0  -60 -125   51  -56   83    0    0    0    0   12 
   0  -49    0  -95    0    0  -66    0   50  120   97  -60    0    0    0   84 
 117  -14   18 -128    0  -94 -122    0   63   48  119    0    0   70    0 -116 
 -40  -48   -8    0   63   98   54  -21   36 -111   89   71    0  -13  102  -77 
  11  -31  -39  -48   99   58   70    0  -41    0  -34   71  -47   88  -70    0 
 -67   26    0   38   16   75  120  -75  -37    0 -107    0   98  -84  -98    0 
   0    9  -19  -40   64   69  -78    0  113    0  -15   10  124    0   35   50 
 110  -90  -47   -8 -107    0   -2    0  -63    0    0    0    0    0 -122   15 
  45    0    0  -60    0 -101    0  -98   62  103   48 -119   71  -73    0  127 
 -47   34  -61   39  -46    0   12    0  -43   56 -123    0   81   42    1   12 
   0   -9    0  124  -13    0  -81    0 -105   75    0  -24   -6   66   64 -118 
 106   34  -80    0   18  -57    0    0  -76   89    5    0   12   -6    0  -90 
   9  114   99   27   40  -17  127    0  -39   69  -29  -79  -26   87    0    0 
   0   49    0  126   96    0    0    0    0   79  -19    0  -73   94    0  -97 
   3  -40   63    0  106    0   45   53   41   70  -17  117   71   91   -4    0 
   0    0    0  120    0   60  -19    0  -14  -49  -83   -6    0 -119    0  -86 
  46   52    0  -23    0   24  -17   44  -14  -94    0 -117    0  -55    0  -34 
   0    0    0  -59  -39  -93    0    0   43   68    0    0   -4    0    0    0 
-125   80  -45   22    0    0 -117    0  -26  -72   75  -33    0  -33   13    0 
   0    0   53  115    0  -58  -63    0  -26   52   12    0    0    0 -115    0 
 -46  127    0    0  -24    0    0 -107    0  -67   33    0    0  -14    0  127 
   0 -121    0  122   78   40    0    0    0   32 -117   65    0    0   47  -34 
 -47    0    2   90  101  -95    0  -80    0  -59    0    0  -44    0   48    0 
  -1    0  110    0  -59   66    0  -38  -31  122   -9   11    0    0   -7   67 
  65   31   56    0   78    0    0  -16 -125   44  -34  -51   89   48  115  126 
  23  -21    0  -55  -13  116  111  -10   85   17  -34    0 -124    0 -125    0 
  18   -1    0    0  123   99    0  -95  -61  -36  -57  -14   27   79  -91  -24 
   0    0    0    0   -1   47    0  125  -60   71    0    0  108  -85  -95  -30 
   0   81  -94   79  -12    0    2  -62 -108  -57    7    0    0   36  -79  -42 
 -39  -37    0    0 -109 -123    0  106  102    0   53    0  127   60   49   60 
   0  -45    0   79   76    0   -6   52  -73  126   73    0  -81  122    0 -108 
  46  -32    0    0   -3   58   28    0  -35   53  -23    0    0   87   89  -83 
  57   88   33    0   80    0  -42    0  -32   85    0   66    0  -67    0 -112 
 -87 -116    0   -4    0    0  101    0    0  127  -53    0    0  -31    0    0 
   0    0   95   61    1  124    0    0    0   91  104 -125    0  -70    0  113 
 108    0   82   65  110  -80   94   30  -15  -39  -80  -74    0  -37  -34   99 
   0    0  -62   68    0   57   44    0   44   37    0    0   65   82   84   51 
 -80   44   61    0  100    0  -28  -66   79   97   83  -40    0  -63   68    0 
 -53   70  105  -83  -27    0    0  -43   84    0    0  -45    8  -35    2  -35 
   0    0    0  -12    0    0   69    0   70    0   -1    0    0   55  -99    0 
   0  -19   24  -27   96 -115    0    0    0  -76    0   60  -75    0   73    0 
-118  -68   69   61    9  101   27  -37  -20   51    0 -126    0    0   43  -23 
   0 -108  112  -57   38   33    0  -87   61   29    0    0    0    0    0  -47 
   0   34   46   54    0 -121  -12 -116   85  102  -30 -111  -18   38    0  -51 
 -48   93    0    0    1   -6    0    0   56   20  -29  -79   29    0   76    0 
   0  106   31  110    0 -107    0  -42   47   48    0    0  -62   54   26 -113 
 -67    0    0   25  114 -111    0    0    0  -30  113    0    0 -127 -124 -103 
 103 -118  -69  -55   27   11  124  -78  -51  -11   43 -107    0    6   78    0 
 -24  -78    0   57   92    0    0    0    0    0    0    0   47  -76    0  -75 
  32   80  101  114   25    0   19  -94    0    0  126    0   56 -109  107   16 
 100 -104   77  -59   68    0  -21  -63    0  -39 -105    0   49   48  108    0 
 104 -118   40  -14   24 -128    0    0  -11    0   52 -100    0  118    0  110 
   0  -78    0  -12    0    0  -61   53  -92  125   30    0   -1  -61    0    0 
   0    0   45   14    8    0    0  -19    0    0   38  -51    0    0    0    4 
   0  -70    0  -12    5  -99  -22    0    0    0 -118    0    0   -6    0    0 
 105   23    0    0   89  -40  -93  114    0   -5   89   60  114   33   21    0 
   0   96   49 -122   -4   60 -104    0    0   70    0    0 -115    0    0    0 
 116  -21  109    0    0   90    0    0  -97   76   -5  -10  118   63  124   74 
 -30   42  -69   86  -35    3    0  -53    0    0  -32  -73  -45    0    0    9 
  12    0   40    0    0  -96   75    4    0    0   -7    0  126    0    0    0 
   0   74    0    0  -93  -82   55    0    0   68    0    0   89  -69    0    0 
-119    0  124    7  -39    0   37  -31   36    0  118    0    0  -74   14    0 
 -39    0  -39  -44    0    0   -6    0 -104   -1   11  -72   32  -67   -8  125 
   0    0 -101    4    0  -57    9   79  -49   89    0    0  -73    0  -54    0 
   0    0    0   82   79 -112    0   29    0   99   80  -78  -86   56    0    0 
   0 -116   86 -114  111  -49  110    0   24  123   23    0    0  -66    0  -99 
   0    0    0  107 -107  -75 -105    0  -41    0  127   57  109   64   53    0 
  34    0   55  -57   96    0    0   54    0   24    0  -95 -109   -9  -52  -85 
   0   79   92  -81   36  -16  127  -72    0    0   74  -45   71  -72   72 -100 
  97 -128   92    0    0    0   85  -48  -78  -60   57  106    0   44 -103    0 
   0 -115  122  105  -28    0  123    0  -55  121  -81   80   60    0   82    0 
 -90 -104    0  -71   42   88 -112  103    9   62   94    0    0    0    0   64 
 -89   12    0    0  123  -40   14   85  114    0    0    0   29  -89    0    0 
 -43    0    0    0 -112    0  -24  -80    0    0  -90   75  -13   -7   50   50 
   0  -28   93    0    0  116   50    5 -104    0  -55  -34  -61 -100  127    0 
   0  -73  -27   80  -46    0  -92    0  -23    0   41   57    0    0   34    0 
   0  -95   68    3    0   -5  -24   16    0    0    0  123    0    0    0  115 
 -83  -39   40  -56  103  -89   22  123  -81  -26 -101   93  -42   80  -65  -41 
   0  -35  -59   83  -42 -126  -30   40 -120    0    0    0   36    4   91  -79 
  59 -128  -41  -52   54  -80 -111  124    0  -95    0   24 -109  126    0 -120 
   0 -122    0   22  121   65 -103 -105   13    0  -18  -95 -107  -41  -65  -82 
  -3    0   54  -79  -11  108  -44    0  -59    0   21  100    0    0   -2  -78 
  -7  -65    0    0 -105  -18    0    0 -108  117   85    0  -67    0  -56  108 
  18   68   62    0   56  -44  -52    0    0   -6   69    0   54    0  -82  106 
 -39   18    0    0    0  113  -62   39    0    0    0  -46  -86    0    0    0 
   0    0  -71  103  -72   32   42    0 -125 -122    0  -55   70  -57 -118  -39 
 -83  -37    4   50    0   -8    0 -117    0   44   25    0    0   85  115   54 
  31    0    0    0  -83    0    0  -22    0  124   22   43   17    2    0   78 
 -89    0    0    0    0   61   40   24    0    2    0    0  -50  -77   96    0 
  70    0  -36    0   58   63  -47    0  -52    0    0    0    0  115   19    0 
   0  -87    0    0    0 -119    0  -59  102  -69    0   57   87  -86  -67    0 
  66  -13  109    0    0    0    0   75  -68   87  -13   99   90   26  115  -99 
 126  -41  104    0    0 -114  -48  100    0  125    0  107   58  -74    0    0 
 117    0    0  -46    0 -119    0    0    0    0  113  -81    0    0    0  -21 
 -65   22    0    0    0   65   32  125    0  -34  -34    0   23    0  -89    0 
   0  -88   68    0    3    0    0   68 -113    0    0    0  113    0  -28  113 
 -16  -61    0    0  -97 -113    9  -44  106 -104   33  -90   64   28   10    0 
  48   52  -14 -126  -83 -101   87  -26    9  -33   80  -38   70    0  -94   58 
   0 -111  -15    0    0  -75    0  -27 -108    0    0    0    0  -61   42  -93 
   0   22   75    0  -65 -121    0    0  -33  -24    1  -40  -75  111 -121    5 
   0   83   26  -50   39  -47    0    0  117   -4    0  -35  104    0    8    9 
   0  -12    0  -60    0   79  -27    0    0    7  -87  -34    0  -11   15    0 
 126  103    0    5   11   62    0 -102    0  114  -78  -87   44    0 -109   28 
   0  -14    0   92   38   80   42 -113    0    0   62    0   -7    0   33    0 
   0    0 -116  -81    0    0  -93  108    0  -22 -127   51  114    7   58  -26 
  16  -56  -89  -41   79    0  -91  -54  112  103  -28    0    0    0    2    0 
-107  127  -47    0    0   58  -98    0  -93  127  102  -78   46    0   98   41 
   0    0    0    0    0   55   32   84  -77  -40  -46  -89   13 -110   98 -112 
   0    0  -95  -76    0  -25 -122    0    0  124    0   25    0   11  -96   89 
   0    0  -39    0    0  106  -25  -55   75  -10  -30  103   55  -21  -88    0 
-120   61   86  -94  -87    0   27    0    0  -27    0    0    0  101    0    0 
   0  108    8  -51   45    0    0    0  -30    0  -14  118 -120    0   81    0 
  -2  -39    0    0    0   34   81   60    9    0    0  -70    0   -2  118   31 
 105   53    0    0   52    0    5  -87  -36    0    0    0  -96  -36    0    5 
   0  -18    0  107  -59    0  -70    0    0  -70    0    0    0  114  103   90 
  18    0  112    0   78    0    0    2    0    0  -17   20    0    0    7   15 
   0    0   67   16    0   62    0  108   62    0  -49   -4  -49  -78 -122    0 
  40    0    0  -84    0    0  -82    0    0  -75    0  -38    0    0    0   75 
   0    0  -59   13    0   63  -79    0    0  104    0   25  116    0   78   28 
 -26  127  -71    0  103   36  -97   40 -116    0  -35   -1  -55    0  -27   25 
 123    0   18  -59    0 -103 -103   83  -50 -100    0   71  122 -118    0    0 
   0   79    0  -58    0    0  -42  -88  -57 -101  -53   72    0    0    0    0 
  60 -110   78   99    0  -38    0  124    0    0  -15    0  -62   88   32   58 
 -40    0  107    0 -128  114  -83   49  -13    0   44    0   73  127  123  -81 
   0    0    0 -102   38    0  -24    0    0    0    0  -79  -42    0 -102  -97 
 -31  -27    0  -84    0   82    0    0   76  101   14 -111  -34  -66    0  115 
   0    0  118    0    0    0    0    0   -6   39  -78    0  -44  -80  -85    0 
  54  103    0  -73 -104   66    0  -92 -105   98    0    0  -84 -109    0  -97 
-109  -89   33    0  -93    0 -104    0   43  -31    0   34    0    0   -8    0 
  48  127 -123  -38   15    0  -91  111  124    0 -110    0 -128  124   74  -54 
-126    0  113    0   97   53  -74   87    0    0    8    0   33   24    0  -37 
   0    0    0    0    0    4  -66   94    0   35  -94   98    0    0  -78 -118 
  59   14  -19  -84    0  -18 -101  -94   24  -59   87   39  102  126   21   71 
  85  -36  -75    0  101 -108    0 -118    0   87   80  -44    0   99  -93    0 
 -78  -65  -97    0    8  115    0   91    0  -65   24  123  119    0    0   87 
-103    0    0    0    0 -115   91    0   51   36  -58    0    0    0   -5   63 
  56  112  -23   86  -62    0   24  -16  -89    0   47  100  -10    0   11  -51 
   0    1    0   13  -38    0  -26  -38    0    0   14   87   93  -85   32   34 
  44  -35  -92  -67    0    0  108    0    0   12    9  -91  116    0    0  -30 
 114  -31  -40    0  -28   23 -122   59    0   67  -28  100  -41  -72    0  -76 
 115    0    0  127 -124    0  -39    0  -77    0    0   53 -114   -7 -121 -126 
 -38  -58   19 -102    0    0  121  109   31    0    0    0    0  -12  -50    0 
-123    0 -121    0  -42   -9   44   17  116   30  -34    0    0   55  -74    0 
   0    0   51    0   56   81  120  -16   66  117    0    0    0  -86    0    0 
   0    0    0  -83  118 -100    0    0 -125  127  -32    0   85    0    0    0 
  -8    0  -58    0    0   53    0  122  -72 -105  -22  116  -95  -26  -98    0 
  24    0  -81  -58  105  -35    0   13   77    0  -62    0    0    0   86  -24 
 108  -80    0   43   68    0   65  123   94  -57    0 -123  104  122    0  -90 
  30  119    0  121    0    0  120    0  100    0    0    4    0    0    0  100 
 -60   53  -52   71    0  -96    0    0  -79  -91 -112   62   -4   58    0   86 
-117  -65   20 -101    0   38   29    0    6   51 -117    0  -21  -53    0    0 
 118    0    0   25  -40    0    0    0   97   36    0    0    0  124  -33 -126 
  88    0    0    0    0  -93   16   10   23    0   72   81   69    0   24    0 
   0   -3    0    0    0  -16  102    0  -36    0   -4    0   50   96   68    0 
 -73   13  -11    0   76  -12   59    0   39  -91   39   20   -7    0    0  -13 
  78  120   55    0    0    0    0   82 -113    0  -23   92  111 -119  -15 -107 
  -9    0    0  -86    0  -50    0  -82  113  -92    0   32    0 -118   90  -67 
 -82  -10    0  116    0   29    0    0  -34    0   74    0  -39   70   13   28 
 118   -9    0 -100   72   17    0    0    0   -2  -41  -90  -22  -76   13 -103 
 126    0  -16   48    0   89  -94    0  111   36  -96    0  106 -120   15    1 
-101  -78    3  -59   62    3   72    0  -39    0    0    0  -28  -94    0    0 
-117   -7  -55    0  117    0  -91   33    0   31   46    0   40    0  -75    0 
 -88    0 -125    0    0   85  100    0  -73  108   11  -39  -17  -35   -6  -91 
   0   18  -67    0    0   13  125  -98   32    0   15 -116 -101    0    0    0 
  66    6   67  -67    0   57  -75  -77    0    0  -38   84  126    0    0 -106 
  30    0   21 -124    0    0  -38  -25    0    0   96    0  -91    0   87    0 
  -5    0    0 -111    0  126 -100    0 -109 -105 -118    0    0    0    0   74 
   0    0  -32    0  -75  -42  -51    0   23    0   35  -59    0   11 -100 -105 
   0  -17    0   61    0  -68 -128  -70  -90  -88    0    0  127    0   46    0 
  79  -28    0   38   51    0  -63 -105  -56  -89   77   44 -101   30 -112 -124 
 104  -88    0    0    0 -116   10   33    0    0    0    0   70    0   39  -53 
   0  -34    0  -48   63    0    0    0   34    0    0  -83    0  -28   37  -48 
   3    0    7    0    0    0    8 -124   20   -8  -33   92    0 -125   -8  -75 
   0   99  114    0  -80    0   89    0    0   99    0    0    0    0   94  -34 
-107    0 -104   66    0    0    0  -15  -65  100    0   -9   56    0    0    0 
-103    0    0  -93   77   36  -81  -60    0  110 -127  -20  -44 -113  -50  -16 
-108  -71  117  119  -51   -5  -75    0  -69  101    0   27   30  -11    0   16 
   0  -42    0  -85    0 -107  -44    0  -47  -46 -106  -28   -2    0   25  -61 
   0   56   83   35   37  -85   -3    0   73    0    0    0  -68    0    0   50 
   0 -103   14    0   49   82    1    0   37    0   75   49   84  125    0    0 
  59  103   95    0    0    0   82   95  -55   15   32   40   24    0  120  -43 
  10  104   -7  -15    0  -55   63 -112    0    5    0  -39  -39   79   85  116 
   0   87    0   36  119    0  -82   98    0    0    0    0    0    6    0  108 
  72  -67 -128    0  -98    0  -93    0    0    0    0  -18   68 -125    0   -2 
   0   54    0  110    0    0    0    6  -12   51    0    0  123    0   60  -16 
  40   -4    0    0  -77    0    2    0   42   54    0    0  -83    0    0    0 
   0    0    0    0    0   59    0    0  -62   48    0  125  -81    0    0    0 
  68  113    5  -56    0    0    0  -29    0  -71   77   43    0   44    0   31 
 -69    1    0    0 -113   12   42  -53    0    0    1    0  -81  114    0    0 
   0  -84    0   23   56   92  -44    0  -70   53    0    0  127  -93  -93  -95 
   0   56   58    6    0    0  -17    0   18    0 -113  117    0   82    0    0 
   0  -82 -106    0    0  -27  -37    7  -57 -109  -47    0    0   16    0  -60 
 -67    0   83  -25    0    0 -126  104   29   69    0   84    0    0   91    0 
   0    0   27  -40    0   -6  106   40    0   84    0  101    0  -73  -32    0 
   0   58    0   15 -121   13  -93  -50    0    0   54  122   46    0   15   -9 
   0    0  105   57   21  105  -53  127 -124   -5   82  -91  120    0   93  -49 
   0  106 -108    0  -19  -79    0   26    0    0    0 -122   91    0  105    0 
   0   54    0  -64    0  -99    2  -61  -13  116 -124  -28  127  -60    0    0 
   0  115   54  -27   55  -83  -14  -49    0  -33    0    0   10    0    0    0 
